filename,init_locs,seed,type_id,0,1,2,3,4,5,6,7,8
random_1,R1,0,0,0.0,0.07128916469338346,0.1703228768544153,0.16265210558846974,0.21375866425536097,0.23545476352102976,0.44696745292141055,0.5891216453687687,0.0
random_1,R1,0,1,0.07128916469338346,0.0,0.21058424252812574,0.213569631050184,0.16832562021492992,0.3274631100661355,0.37676266262043284,0.626013659908882,0.0
random_1,R1,0,2,0.1703228768544153,0.21058424252812574,0.0,0.30524810669055613,0.351923026437827,0.41298298593084526,0.5830859430195775,0.6955078044399561,0.0
random_1,R1,0,3,0.16265210558846974,0.213569631050184,0.30524810669055613,0.0,0.354578476372157,0.3849323675603077,0.5941876875743607,0.6989761782602806,0.0
random_1,R1,0,4,0.21375866425536097,0.16832562021492992,0.351923026437827,0.354578476372157,0.0,0.4629254321508675,0.47989947011470185,0.7553953737400304,0.0
random_1,R1,0,5,0.23545476352102976,0.3274631100661355,0.41298298593084526,0.3849323675603077,0.4629254321508675,0.0,0.7064052834851187,0.8385370416662048,0.0
random_1,R1,0,6,0.44696745292141055,0.37676266262043284,0.5830859430195775,0.5941876875743607,0.47989947011470185,0.7064052834851187,0.0,1.0,0.0
random_1,R1,0,7,0.5891216453687687,0.626013659908882,0.6955078044399561,0.6989761782602806,0.7553953737400304,0.8385370416662048,1.0,0.0,0.0
random_1,R1,0,8,0.0,0.0,0.0,0.0,0.0,0.0,0.0,0.0,0.0
random_2,R1,1,0,0.0,0.06474087415166488,0.17849659396275908,0.14988317664810685,0.18885384356382734,0.24795895570112214,0.41038390791176754,0.5418658196126679,0.5639758208953377
random_2,R1,1,1,0.06474087415166488,0.0,0.1915189630277932,0.18774368783386222,0.14579912527870065,0.28001736986235864,0.3243531541682827,0.5641739337880807,0.5332145923965091
random_2,R1,1,2,0.17849659396275908,0.1915189630277932,0.0,0.28811702356070296,0.3076571179111064,0.38469625296744264,0.5295357202506884,0.6345441665786089,0.6888497602290081
random_2,R1,1,3,0.14988317664810685,0.18774368783386222,0.28811702356070296,0.0,0.30806005069044234,0.2958542952727582,0.5316489374063764,0.6311909553760842,0.6929633002506361
random_2,R1,1,4,0.18885384356382734,0.14579912527870065,0.3076571179111064,0.30806005069044234,0.0,0.3501836080429812,0.4060755499739291,0.578906412358711,0.6486588057372396
random_2,R1,1,5,0.24795895570112214,0.28001736986235864,0.38469625296744264,0.2958542952727582,0.3501836080429812,0.0,0.6003760661144131,0.6922380508173978,0.7705383777743319
random_2,R1,1,6,0.41038390791176754,0.3243531541682827,0.5295357202506884,0.5316489374063764,0.4060755499739291,0.6003760661144131,0.0,0.8224805524876917,0.6465797500370778
random_2,R1,1,7,0.5418658196126679,0.5641739337880807,0.6345441665786089,0.6311909553760842,0.578906412358711,0.6922380508173978,0.8224805524876917,0.0,1.0
random_2,R1,1,8,0.5639758208953377,0.5332145923965091,0.6888497602290081,0.6929633002506361,0.6486588057372396,0.7705383777743319,0.6465797500370778,1.0,0.0
random_3,R1,2,0,0.0,0.06173523497831046,0.152768316112051,0.13514971997096106,0.17953111884634274,0.2201074879959754,0.40659611404383494,0.5339629623360125,0.5541911588239535
random_3,R1,2,1,0.06173523497831046,0.0,0.18631556211147082,0.18662302674130726,0.18198138326714816,0.28677285671628494,0.27497870630275906,0.5412701215698922,0.44228274866396855
random_3,R1,2,2,0.152768316112051,0.18631556211147082,0.0,0.25906019649374085,0.30342208898569056,0.3760147672694526,0.5213180616922164,0.6373766693713823,0.6857402992451863
random_3,R1,2,3,0.13514971997096106,0.18662302674130726,0.25906019649374085,0.0,0.3106208300963772,0.31520020925829395,0.5340822255119169,0.6396948737084543,0.6868816599100462
random_3,R1,2,4,0.17953111884634274,0.18198138326714816,0.30342208898569056,0.3106208300963772,0.0,0.3865344008514138,0.46256380329463437,0.6491129074316182,0.4910001408694105
random_3,R1,2,5,0.2201074879959754,0.28677285671628494,0.3760147672694526,0.31520020925829395,0.3865344008514138,0.0,0.6210022294775179,0.7499870752826648,0.778721270814517
random_3,R1,2,6,0.40659611404383494,0.27497870630275906,0.5213180616922164,0.5340822255119169,0.46256380329463437,0.6210022294775179,0.0,0.8393969929712706,0.6997707852119712
random_3,R1,2,7,0.5339629623360125,0.5412701215698922,0.6373766693713823,0.6396948737084543,0.6491129074316182,0.7499870752826648,0.8393969929712706,0.0,1.0
random_3,R1,2,8,0.5541911588239535,0.44228274866396855,0.6857402992451863,0.6868816599100462,0.4910001408694105,0.778721270814517,0.6997707852119712,1.0,0.0
random_4,R1,3,0,0.0,0.06430642176105397,0.1784500296756042,0.1520653627172999,0.18688165054863484,0.23911801947269895,0.4159237431249404,0.5534366935387416,0.5807794468835175
random_4,R1,3,1,0.06430642176105397,0.0,0.19036308651751294,0.19225103504034302,0.16245483591622198,0.27724373796704344,0.29267793063096864,0.5355499471053136,0.49374716361802995
random_4,R1,3,2,0.1784500296756042,0.19036308651751294,0.0,0.2668826725278725,0.3171660783858362,0.3750326737868048,0.5463160157900034,0.6789856042247792,0.7053764914566482
random_4,R1,3,3,0.1520653627172999,0.19225103504034302,0.2668826725278725,0.0,0.30744977549395086,0.2991718152445414,0.5419687083488685,0.6270946545277021,0.6956871626291615
random_4,R1,3,4,0.18688165054863484,0.16245483591622198,0.3171660783858362,0.30744977549395086,0.0,0.3802633014006256,0.35851117581571446,0.49572216998029467,0.597750170745725
random_4,R1,3,5,0.23911801947269895,0.27724373796704344,0.3750326737868048,0.2991718152445414,0.3802633014006256,0.0,0.6089330943821873,0.7051260379883209,0.7886793105293423
random_4,R1,3,6,0.4159237431249404,0.29267793063096864,0.5463160157900034,0.5419687083488685,0.35851117581571446,0.6089330943821873,0.0,0.7761621509678917,0.5371905170737287
random_4,R1,3,7,0.5534366935387416,0.5355499471053136,0.6789856042247792,0.6270946545277021,0.49572216998029467,0.7051260379883209,0.7761621509678917,0.0,1.0
random_4,R1,3,8,0.5807794468835175,0.49374716361802995,0.7053764914566482,0.6956871626291615,0.597750170745725,0.7886793105293423,0.5371905170737287,1.0,0.0
random_5,R1,4,0,0.0,0.06770389856173012,0.18193314995493562,0.14502188961937915,0.19840110188266089,0.24875278130906772,0.44494405837367773,0.579592653960072,0.6097650867529155
random_5,R1,4,1,0.06770389856173012,0.0,0.20267671726770148,0.20330219677644487,0.14291499756244663,0.3055661799932859,0.3166529696066522,0.5338724969580358,0.47955733777967774
random_5,R1,4,2,0.18193314995493562,0.20267671726770148,0.0,0.2927394440850187,0.3303552653404165,0.39713226090327036,0.5745112193161676,0.6839062257099309,0.7457678794495677
random_5,R1,4,3,0.14502188961937915,0.20330219677644487,0.2927394440850187,0.0,0.3319090646354374,0.28949235818829894,0.5847864345210634,0.6512614031699548,0.750238836465652
random_5,R1,4,4,0.19840110188266089,0.14291499756244663,0.3303552653404165,0.3319090646354374,0.0,0.4168977872080484,0.3757290989831708,0.5587161116139473,0.482400111126313
random_5,R1,4,5,0.24875278130906772,0.3055661799932859,0.39713226090327036,0.28949235818829894,0.4168977872080484,0.0,0.6680925472842791,0.7236570373014569,0.8424182871454259
random_5,R1,4,6,0.44494405837367773,0.3166529696066522,0.5745112193161676,0.5847864345210634,0.3757290989831708,0.6680925472842791,0.0,0.8583399995499142,0.6437592613786487
random_5,R1,4,7,0.579592653960072,0.5338724969580358,0.6839062257099309,0.6512614031699548,0.5587161116139473,0.7236570373014569,0.8583399995499142,0.0,1.0
random_5,R1,4,8,0.6097650867529155,0.47955733777967774,0.7457678794495677,0.750238836465652,0.482400111126313,0.8424182871454259,0.6437592613786487,1.0,0.0
random_6,R1,5,0,0.0,0.05960417314102979,0.15567335902273938,0.13425321255579753,0.17607170448533482,0.2094959377056438,0.37552915119566355,0.512000616426132,0.5349607408215139
random_6,R1,5,1,0.05960417314102979,0.0,0.17167124329157038,0.17881510794051803,0.16482870690168905,0.2710223002268971,0.38663715219641864,0.5278744921139364,0.3715812782006671
random_6,R1,5,2,0.15567335902273938,0.17167124329157038,0.0,0.25479928645449207,0.29239738083043026,0.35143058263771865,0.5029047523210435,0.597416141924717,0.6447980008047595
random_6,R1,5,3,0.13425321255579753,0.17881510794051803,0.25479928645449207,0.0,0.29491931964798695,0.2872335287764335,0.5121758238176426,0.5910341368543308,0.6554660113119626
random_6,R1,5,4,0.17607170448533482,0.16482870690168905,0.29239738083043026,0.29491931964798695,0.0,0.38881885557312446,0.5117824503732049,0.6333382302622516,0.45027098713167185
random_6,R1,5,5,0.2094959377056438,0.2710223002268971,0.35143058263771865,0.2872335287764335,0.38881885557312446,0.0,0.6048377027200028,0.6891167167790441,0.743462852703238
random_6,R1,5,6,0.37552915119566355,0.38663715219641864,0.5029047523210435,0.5121758238176426,0.5117824503732049,0.6048377027200028,0.0,0.8372795599551945,0.8540715265232577
random_6,R1,5,7,0.512000616426132,0.5278744921139364,0.597416141924717,0.5910341368543308,0.6333382302622516,0.6891167167790441,0.8372795599551945,0.0,1.0
random_6,R1,5,8,0.5349607408215139,0.3715812782006671,0.6447980008047595,0.6554660113119626,0.45027098713167185,0.743462852703238,0.8540715265232577,1.0,0.0
clustered_1,C1,0,0,0.0,0.06513947084506153,0.16511970095589124,0.14699516836584087,0.18548495639034823,0.21745912391247565,0.40395467451104655,0.528205416672034,0.5439490899470363
clustered_1,C1,0,1,0.06513947084506153,0.0,0.19188865339313146,0.19479577957456803,0.15886167695450304,0.2825335486240329,0.29201205308056716,0.5249598551882064,0.36697830655461766
clustered_1,C1,0,2,0.16511970095589124,0.19188865339313146,0.0,0.25526768545655254,0.3096783604847675,0.401963028226731,0.5411471651968922,0.6169771054871824,0.6844183167860926
clustered_1,C1,0,3,0.14699516836584087,0.19479577957456803,0.25526768545655254,0.0,0.3172796174844086,0.36704178005942073,0.5520205457454825,0.6298859864516849,0.6946582057563362
clustered_1,C1,0,4,0.18548495639034823,0.15886167695450304,0.3096783604847675,0.3172796174844086,0.0,0.38114257687545755,0.4109004771810098,0.5543889802186494,0.5455081709744235
clustered_1,C1,0,5,0.21745912391247565,0.2825335486240329,0.401963028226731,0.36704178005942073,0.38114257687545755,0.0,0.5896004625456355,0.72886782461608,0.720599266321038
clustered_1,C1,0,6,0.40395467451104655,0.29201205308056716,0.5411471651968922,0.5520205457454825,0.4109004771810098,0.5896004625456355,0.0,0.8503136988991,0.44446803334830376
clustered_1,C1,0,7,0.528205416672034,0.5249598551882064,0.6169771054871824,0.6298859864516849,0.5543889802186494,0.72886782461608,0.8503136988991,0.0,1.0
clustered_1,C1,0,8,0.5439490899470363,0.36697830655461766,0.6844183167860926,0.6946582057563362,0.5455081709744235,0.720599266321038,0.44446803334830376,1.0,0.0
clustered_2,C1,1,0,0.0,0.06302788521263838,0.16249838222793905,0.141730872444567,0.1826522851759013,0.19877618351350324,0.4005262975136372,0.5274680456855392,0.5427354574165908
clustered_2,C1,1,1,0.06302788521263838,0.0,0.18922228134397412,0.1846468413244891,0.13461573848395136,0.27886427374765643,0.26957041043185737,0.4983094508198728,0.3763421574675654
clustered_2,C1,1,2,0.16249838222793905,0.18922228134397412,0.0,0.27312135872428506,0.3027591468155413,0.40045716823687866,0.5299034161543785,0.6325067976081806,0.6889820535782717
clustered_2,C1,1,3,0.141730872444567,0.1846468413244891,0.27312135872428506,0.0,0.30153242442924366,0.3377772412798204,0.5358275627775898,0.6384140911192262,0.6768309008712619
clustered_2,C1,1,4,0.1826522851759013,0.13461573848395136,0.3027591468155413,0.30153242442924366,0.0,0.40116040521641655,0.438189944418458,0.5451652658712683,0.5753418958872414
clustered_2,C1,1,5,0.19877618351350324,0.27886427374765643,0.40045716823687866,0.3377772412798204,0.40116040521641655,0.0,0.6130918410170091,0.7382506842930375,0.7793763575570638
clustered_2,C1,1,6,0.4005262975136372,0.26957041043185737,0.5299034161543785,0.5358275627775898,0.438189944418458,0.6130918410170091,0.0,0.8609076069004231,0.6040132633701466
clustered_2,C1,1,7,0.5274680456855392,0.4983094508198728,0.6325067976081806,0.6384140911192262,0.5451652658712683,0.7382506842930375,0.8609076069004231,0.0,1.0
clustered_2,C1,1,8,0.5427354574165908,0.3763421574675654,0.6889820535782717,0.6768309008712619,0.5753418958872414,0.7793763575570638,0.6040132633701466,1.0,0.0
clustered_3,C1,2,0,0.0,0.06579215280739946,0.17122750310443613,0.14737161372651322,0.1877028731597845,0.1948784892221532,0.4211443704871308,0.5358975062005203,0.5802279878523136
clustered_3,C1,2,1,0.06579215280739946,0.0,0.1940921381291424,0.19569533073331183,0.13960951673792965,0.29385683857000855,0.28436544052735147,0.5314344747332908,0.39205072039476896
clustered_3,C1,2,2,0.17122750310443613,0.1940921381291424,0.0,0.3019570626592195,0.30089331159311977,0.4207580636081873,0.5492545901843014,0.6374404013311143,0.7193472122883529
clustered_3,C1,2,3,0.14737161372651322,0.19569533073331183,0.3019570626592195,0.0,0.31914383717345257,0.3302726329214977,0.5550909073753673,0.6634829752019046,0.7067747692413251
clustered_3,C1,2,4,0.1877028731597845,0.13960951673792965,0.30089331159311977,0.31914383717345257,0.0,0.42069948042567584,0.46287113333024793,0.5915285372937925,0.5959745465964068
clustered_3,C1,2,5,0.1948784892221532,0.29385683857000855,0.4207580636081873,0.3302726329214977,0.42069948042567584,0.0,0.6463307760526465,0.7444188327331304,0.8141337282969229
clustered_3,C1,2,6,0.4211443704871308,0.28436544052735147,0.5492545901843014,0.5550909073753673,0.46287113333024793,0.6463307760526465,0.0,0.9103249607449444,0.697168081918127
clustered_3,C1,2,7,0.5358975062005203,0.5314344747332908,0.6374404013311143,0.6634829752019046,0.5915285372937925,0.7444188327331304,0.9103249607449444,0.0,1.0
clustered_3,C1,2,8,0.5802279878523136,0.39205072039476896,0.7193472122883529,0.7067747692413251,0.5959745465964068,0.8141337282969229,0.697168081918127,1.0,0.0
clustered_4,C1,3,0,0.0,0.06430246285889328,0.16399784124999212,0.1443053376632569,0.17457492641635716,0.20995669263014455,0.3988997412932778,0.5015791829337936,0.540764476544094
clustered_4,C1,3,1,0.06430246285889328,0.0,0.19085182832989506,0.19217027185940977,0.1402882899216246,0.27907580199619464,0.271471095010031,0.5081827976077905,0.3717234414671566
clustered_4,C1,3,2,0.16399784124999212,0.19085182832989506,0.0,0.2446058761332265,0.2968367666245685,0.3952261332015259,0.5213326865471213,0.6163511367542391,0.6767619608068213
clustered_4,C1,3,3,0.1443053376632569,0.19217027185940977,0.2446058761332265,0.0,0.2993931002492102,0.33493382868270033,0.5365069681830109,0.600192792610713,0.6789359762572579
clustered_4,C1,3,4,0.17457492641635716,0.1402882899216246,0.2968367666245685,0.2993931002492102,0.0,0.3763023623408552,0.4291728594457763,0.5329093348157353,0.5859195306804398
clustered_4,C1,3,5,0.20995669263014455,0.27907580199619464,0.3952261332015259,0.33493382868270033,0.3763023623408552,0.0,0.597989940461703,0.7103679328995256,0.7491830449592047
clustered_4,C1,3,6,0.3988997412932778,0.271471095010031,0.5213326865471213,0.5365069681830109,0.4291728594457763,0.597989940461703,0.0,0.8488263055699866,0.5348639847761784
clustered_4,C1,3,7,0.5015791829337936,0.5081827976077905,0.6163511367542391,0.600192792610713,0.5329093348157353,0.7103679328995256,0.8488263055699866,0.0,1.0
clustered_4,C1,3,8,0.540764476544094,0.3717234414671566,0.6767619608068213,0.6789359762572579,0.5859195306804398,0.7491830449592047,0.5348639847761784,1.0,0.0
clustered_5,C1,4,0,0.0,0.06057440791147707,0.15789948207649906,0.14171442186729372,0.18273402839544226,0.18574375223330755,0.345416736143258,0.4742576508495036,0.542371790204048
clustered_5,C1,4,1,0.06057440791147707,0.0,0.18111302277797617,0.18035960583030441,0.12022503852668637,0.27798881962015604,0.28902751379299774,0.531007353761804,0.16696309285098387
clustered_5,C1,4,2,0.15789948207649906,0.18111302277797617,0.0,0.24952183693239735,0.30426359445166234,0.3585851137739142,0.4578732282595811,0.5324657680916662,0.6638219666751421
clustered_5,C1,4,3,0.14171442186729372,0.18035960583030441,0.24952183693239735,0.0,0.30414754412272726,0.28362759721428155,0.47464524394286245,0.5493214312660512,0.6577466619853287
clustered_5,C1,4,4,0.18273402839544226,0.12022503852668637,0.30426359445166234,0.30414754412272726,0.0,0.4020597818505406,0.4855025979298494,0.6561330171558686,0.3479480254327717
clustered_5,C1,4,5,0.18574375223330755,0.27798881962015604,0.3585851137739142,0.28362759721428155,0.4020597818505406,0.0,0.5798151442492401,0.6614599941532593,0.7597474020645962
clustered_5,C1,4,6,0.345416736143258,0.28902751379299774,0.4578732282595811,0.47464524394286245,0.4855025979298494,0.5798151442492401,0.0,0.8150512249389217,0.5577522908885307
clustered_5,C1,4,7,0.4742576508495036,0.531007353761804,0.5324657680916662,0.5493214312660512,0.6561330171558686,0.6614599941532593,0.8150512249389217,0.0,1.0
clustered_5,C1,4,8,0.542371790204048,0.16696309285098387,0.6638219666751421,0.6577466619853287,0.3479480254327717,0.7597474020645962,0.5577522908885307,1.0,0.0
clustered_6,C1,5,0,0.0,0.0625961823922821,0.16553651037540598,0.1506170070751973,0.1621927321366018,0.18104097319312035,0.2984235442253962,0.4824996464441718,0.5359985803113918
clustered_6,C1,5,1,0.0625961823922821,0.0,0.18631938660255726,0.18819568453101806,0.18362331609016216,0.2827648242363205,0.3481526441278391,0.5641489419393405,0.43463492419638206
clustered_6,C1,5,2,0.16553651037540598,0.18631938660255726,0.0,0.2711716762654185,0.26395822416584946,0.3761119383690548,0.4475525484982945,0.5516935375126343,0.6599033934576218
clustered_6,C1,5,3,0.1506170070751973,0.18819568453101806,0.2711716762654185,0.0,0.29273101243051336,0.3301939708685383,0.4856267693183594,0.5947488284942878,0.6876532789785431
clustered_6,C1,5,4,0.1621927321366018,0.18362331609016216,0.26395822416584946,0.29273101243051336,0.0,0.37792132952493346,0.38649387719444095,0.5668070830484331,0.5778570679932648
clustered_6,C1,5,5,0.18104097319312035,0.2827648242363205,0.3761119383690548,0.3301939708685383,0.37792132952493346,0.0,0.5205406203517482,0.7063703993023642,0.7362673913563804
clustered_6,C1,5,6,0.2984235442253962,0.3481526441278391,0.4475525484982945,0.4856267693183594,0.38649387719444095,0.5205406203517482,0.0,0.8001888016688058,0.7060527089840354
clustered_6,C1,5,7,0.4824996464441718,0.5641489419393405,0.5516935375126343,0.5947488284942878,0.5668070830484331,0.7063703993023642,0.8001888016688058,0.0,1.0
clustered_6,C1,5,8,0.5359985803113918,0.43463492419638206,0.6599033934576218,0.6876532789785431,0.5778570679932648,0.7362673913563804,0.7060527089840354,1.0,0.0
