filename,init_locs,seed,type_id,r,0,1,2,3,4,5,6,7,8
random_1,R1,0,0,1,0.0,0.5,0.0,0.3133004926108374,0.0,0.5,0.0,0.0,0.0
random_1,R1,0,1,1,0.5,0.0,0.0,0.4,0.0,1.0,0.0,0.0,0.0
random_1,R1,0,2,1,0.0,0.0,0.0,0.0,0.0,0.0,0.0,0.0,0.0
random_1,R1,0,3,1,0.3133004926108374,0.4,0.0,0.0,0.0,0.4800000000000001,0.0,0.0,0.0
random_1,R1,0,4,1,0.0,0.0,0.0,0.0,0.0,0.0,0.0,0.0,0.0
random_1,R1,0,5,1,0.5,1.0,0.0,0.4800000000000001,0.0,0.0,0.0,0.0,0.0
random_1,R1,0,6,1,0.0,0.0,0.0,0.0,0.0,0.0,0.0,0.0,0.0
random_1,R1,0,7,1,0.0,0.0,0.0,0.0,0.0,0.0,0.0,0.0,0.0
random_1,R1,0,8,1,0.0,0.0,0.0,0.0,0.0,0.0,0.0,0.0,0.0
random_1,R1,0,0,2,0.0,0.5,0.0,0.27684117125110913,0.0,0.5,0.0,0.0,0.0
random_1,R1,0,1,2,0.5,0.0,0.0,0.3999999999999999,0.0,1.0,0.0,0.0,0.0
random_1,R1,0,2,2,0.0,0.0,0.0,0.0,0.0,0.0,0.0,0.0,0.0
random_1,R1,0,3,2,0.27684117125110913,0.3999999999999999,0.0,0.0,0.0,0.5142857142857143,0.0,0.0,0.0
random_1,R1,0,4,2,0.0,0.0,0.0,0.0,0.0,0.0,0.0,0.0,0.0
random_1,R1,0,5,2,0.5,1.0,0.0,0.5142857142857143,0.0,0.0,0.0,0.0,0.0
random_1,R1,0,6,2,0.0,0.0,0.0,0.0,0.0,0.0,0.0,0.0,0.0
random_1,R1,0,7,2,0.0,0.0,0.0,0.0,0.0,0.0,0.0,0.0,0.0
random_1,R1,0,8,2,0.0,0.0,0.0,0.0,0.0,0.0,0.0,0.0,0.0
random_1,R1,0,0,3,0.0,0.6000000000000001,0.0,0.31330891330891325,0.0,0.5,0.0,0.0,0.0
random_1,R1,0,1,3,0.6000000000000001,0.0,0.0,0.5,0.0,1.0,0.0,0.0,0.0
random_1,R1,0,2,3,0.0,0.0,0.0,0.0,0.0,0.0,0.0,0.0,0.0
random_1,R1,0,3,3,0.31330891330891325,0.5,0.0,0.0,0.0,0.31224489795918375,0.0,0.0,0.0
random_1,R1,0,4,3,0.0,0.0,0.0,0.0,0.0,0.0,0.0,0.0,0.0
random_1,R1,0,5,3,0.5,1.0,0.0,0.31224489795918375,0.0,0.0,0.0,0.0,0.0
random_1,R1,0,6,3,0.0,0.0,0.0,0.0,0.0,0.0,0.0,0.0,0.0
random_1,R1,0,7,3,0.0,0.0,0.0,0.0,0.0,0.0,0.0,0.0,0.0
random_1,R1,0,8,3,0.0,0.0,0.0,0.0,0.0,0.0,0.0,0.0,0.0
random_1,R1,0,0,4,0.0,0.2857142857142857,0.2857142857142857,0.16628813687637217,0.2304921968787515,0.2521008403361344,0.0,0.2857142857142857,0.0
random_1,R1,0,1,4,0.2857142857142857,0.0,1.0,0.2857142857142857,1.0,0.5142857142857142,0.0,1.0,0.0
random_1,R1,0,2,4,0.2857142857142857,1.0,0.0,0.2857142857142857,1.0,0.4,0.0,1.0,0.0
random_1,R1,0,3,4,0.16628813687637217,0.2857142857142857,0.2857142857142857,0.0,0.2857142857142857,0.19034749034749035,0.0,0.3243243243243244,0.0
random_1,R1,0,4,4,0.2304921968787515,1.0,1.0,0.2857142857142857,0.0,0.4,0.0,1.0,0.0
random_1,R1,0,5,4,0.2521008403361344,0.5142857142857142,0.4,0.19034749034749035,0.4,0.0,0.0,0.4,0.0
random_1,R1,0,6,4,0.0,0.0,0.0,0.0,0.0,0.0,0.0,0.0,0.0
random_1,R1,0,7,4,0.2857142857142857,1.0,1.0,0.3243243243243244,1.0,0.4,0.0,0.0,0.0
random_1,R1,0,8,4,0.0,0.0,0.0,0.0,0.0,0.0,0.0,0.0,0.0
random_1,R1,0,0,5,0.0,0.25,0.2315422885572139,0.11062544420753377,0.12553897180762852,0.1814006888633754,0.0,0.24999999999999997,0.0
random_1,R1,0,1,5,0.25,0.0,0.49999999999999994,0.32738095238095233,0.5,0.4,0.0,1.0,0.0
random_1,R1,0,2,5,0.2315422885572139,0.49999999999999994,0.0,0.20238095238095236,0.39999999999999997,0.2148148148148148,0.0,0.49999999999999994,0.0
random_1,R1,0,3,5,0.11062544420753377,0.32738095238095233,0.20238095238095236,0.0,0.2446428571428571,0.12916666666666668,0.0,0.24999999999999994,0.0
random_1,R1,0,4,5,0.12553897180762852,0.5,0.39999999999999997,0.2446428571428571,0.0,0.2875,0.0,0.6666666666666666,0.0
random_1,R1,0,5,5,0.1814006888633754,0.4,0.2148148148148148,0.12916666666666668,0.2875,0.0,0.0,0.39999999999999997,0.0
random_1,R1,0,6,5,0.0,0.0,0.0,0.0,0.0,0.0,0.0,0.0,0.0
random_1,R1,0,7,5,0.24999999999999997,1.0,0.49999999999999994,0.24999999999999994,0.6666666666666666,0.39999999999999997,0.0,0.0,0.0
random_1,R1,0,8,5,0.0,0.0,0.0,0.0,0.0,0.0,0.0,0.0,0.0
random_2,R1,1,0,1,0.0,0.0,0.2361111111111111,0.4499999999999999,0.4,0.4,0.0,0.0,0.0
random_2,R1,1,1,1,0.0,0.0,0.0,0.0,0.0,0.0,0.0,0.0,0.0
random_2,R1,1,2,1,0.2361111111111111,0.0,0.0,0.3333333333333333,0.4375,0.4375,0.0,0.0,0.0
random_2,R1,1,3,1,0.4499999999999999,0.0,0.3333333333333333,0.0,1.0,1.0,0.0,0.0,0.0
random_2,R1,1,4,1,0.4,0.0,0.4375,1.0,0.0,0.0,0.0,0.0,0.0
random_2,R1,1,5,1,0.4,0.0,0.4375,1.0,0.0,0.0,0.0,0.0,0.0
random_2,R1,1,6,1,0.0,0.0,0.0,0.0,0.0,0.0,0.0,0.0,0.0
random_2,R1,1,7,1,0.0,0.0,0.0,0.0,0.0,0.0,0.0,0.0,0.0
random_2,R1,1,8,1,0.0,0.0,0.0,0.0,0.0,0.0,0.0,0.0,0.0
random_2,R1,1,0,2,0.0,0.0,0.1869175627240143,0.532258064516129,0.3999999999999999,0.3999999999999999,0.3999999999999999,0.0,0.0
random_2,R1,1,1,2,0.0,0.0,0.0,0.0,0.0,0.0,0.0,0.0,0.0
random_2,R1,1,2,2,0.1869175627240143,0.0,0.0,0.2857142857142857,0.38095238095238093,0.38095238095238093,0.38095238095238093,0.0,0.0
random_2,R1,1,3,2,0.532258064516129,0.0,0.2857142857142857,0.0,1.0,1.0,1.0,0.0,0.0
random_2,R1,1,4,2,0.3999999999999999,0.0,0.38095238095238093,1.0,0.0,0.0,0.0,0.0,0.0
random_2,R1,1,5,2,0.3999999999999999,0.0,0.38095238095238093,1.0,0.0,0.0,0.0,0.0,0.0
random_2,R1,1,6,2,0.3999999999999999,0.0,0.38095238095238093,1.0,0.0,0.0,0.0,0.0,0.0
random_2,R1,1,7,2,0.0,0.0,0.0,0.0,0.0,0.0,0.0,0.0,0.0
random_2,R1,1,8,2,0.0,0.0,0.0,0.0,0.0,0.0,0.0,0.0,0.0
random_2,R1,1,0,3,0.0,0.4,0.15519700825044336,0.5221374045801527,0.4,0.4,0.3333333333333333,0.0,0.0
random_2,R1,1,1,3,0.4,0.0,0.2222222222222222,1.0,1.0,1.0,0.6666666666666666,0.0,0.0
random_2,R1,1,2,3,0.15519700825044336,0.2222222222222222,0.0,0.2222222222222222,0.31313131313131304,0.31313131313131304,0.21818181818181817,0.0,0.0
random_2,R1,1,3,3,0.5221374045801527,1.0,0.2222222222222222,0.0,1.0,1.0,0.6666666666666666,0.0,0.0
random_2,R1,1,4,3,0.4,1.0,0.31313131313131304,1.0,0.0,0.0,0.5,0.0,0.0
random_2,R1,1,5,3,0.4,1.0,0.31313131313131304,1.0,0.0,0.0,0.5,0.0,0.0
random_2,R1,1,6,3,0.3333333333333333,0.6666666666666666,0.21818181818181817,0.6666666666666666,0.5,0.5,0.0,0.0,0.0
random_2,R1,1,7,3,0.0,0.0,0.0,0.0,0.0,0.0,0.0,0.0,0.0
random_2,R1,1,8,3,0.0,0.0,0.0,0.0,0.0,0.0,0.0,0.0,0.0
random_2,R1,1,0,4,0.0,0.39999999999999997,0.1506226724862852,0.3369071931018834,0.4,0.3333333333333333,0.3333333333333333,0.0,0.0
random_2,R1,1,1,4,0.39999999999999997,0.0,0.2,0.6666666666666666,1.0,0.6666666666666666,0.6666666666666666,0.0,0.0
random_2,R1,1,2,4,0.1506226724862852,0.2,0.0,0.18181818181818182,0.28823529411764703,0.23930481283422458,0.20320855614973263,0.0,0.0
random_2,R1,1,3,4,0.3369071931018834,0.6666666666666666,0.18181818181818182,0.0,0.6666666666666666,0.5,0.5,0.0,0.0
random_2,R1,1,4,4,0.4,1.0,0.28823529411764703,0.6666666666666666,0.0,0.25,0.5,0.0,0.0
random_2,R1,1,5,4,0.3333333333333333,0.6666666666666666,0.23930481283422458,0.5,0.25,0.0,0.3125,0.0,0.0
random_2,R1,1,6,4,0.3333333333333333,0.6666666666666666,0.20320855614973263,0.5,0.5,0.3125,0.0,0.0,0.0
random_2,R1,1,7,4,0.0,0.0,0.0,0.0,0.0,0.0,0.0,0.0,0.0
random_2,R1,1,8,4,0.0,0.0,0.0,0.0,0.0,0.0,0.0,0.0,0.0
random_2,R1,1,0,5,0.0,0.5,0.19643854895842114,0.4828787802546168,0.42857142857142855,0.5123609923011121,0.42857142857142855,0.0,0.0
random_2,R1,1,1,5,0.5,0.0,0.25,1.0,1.0,1.0,1.0,0.0,0.0
random_2,R1,1,2,5,0.19643854895842114,0.25,0.0,0.2307692307692307,0.3329065300896287,0.3266522210184182,0.2778981581798483,0.0,0.0
random_2,R1,1,3,5,0.4828787802546168,1.0,0.2307692307692307,0.0,0.75,0.75,0.75,0.0,0.0
random_2,R1,1,4,5,0.42857142857142855,1.0,0.3329065300896287,0.75,0.0,0.4386363636363637,0.5511363636363636,0.0,0.0
random_2,R1,1,5,5,0.5123609923011121,1.0,0.3266522210184182,0.75,0.4386363636363637,0.0,0.41250000000000003,0.0,0.0
random_2,R1,1,6,5,0.42857142857142855,1.0,0.2778981581798483,0.75,0.5511363636363636,0.41250000000000003,0.0,0.0,0.0
random_2,R1,1,7,5,0.0,0.0,0.0,0.0,0.0,0.0,0.0,0.0,0.0
random_2,R1,1,8,5,0.0,0.0,0.0,0.0,0.0,0.0,0.0,0.0,0.0
random_3,R1,2,0,1,0.0,0.4,0.0,0.43999999999999995,0.4,0.5,0.5,0.0,0.0
random_3,R1,2,1,1,0.4,0.0,0.0,0.5,0.375,0.6666666666666666,0.5833333333333334,0.0,0.0
random_3,R1,2,2,1,0.0,0.0,0.0,0.0,0.0,0.0,0.0,0.0,0.0
random_3,R1,2,3,1,0.43999999999999995,0.5,0.0,0.0,0.5,0.5,0.6666666666666666,0.0,0.0
random_3,R1,2,4,1,0.4,0.375,0.0,0.5,0.0,0.6666666666666666,0.25,0.0,0.0
random_3,R1,2,5,1,0.5,0.6666666666666666,0.0,0.5,0.6666666666666666,0.0,1.0,0.0,0.0
random_3,R1,2,6,1,0.5,0.5833333333333334,0.0,0.6666666666666666,0.25,1.0,0.0,0.0,0.0
random_3,R1,2,7,1,0.0,0.0,0.0,0.0,0.0,0.0,0.0,0.0,0.0
random_3,R1,2,8,1,0.0,0.0,0.0,0.0,0.0,0.0,0.0,0.0,0.0
random_3,R1,2,0,2,0.0,0.4,0.6689189189189189,0.4351351351351351,0.3333333333333333,0.5,0.5,0.0,0.0
random_3,R1,2,1,2,0.4,0.0,0.6666666666666666,0.5,0.36338028169014086,0.6666666666666666,0.704225352112676,0.0,0.0
random_3,R1,2,2,2,0.6689189189189189,0.6666666666666666,0.0,0.5,0.49999999999999994,1.0,1.0,0.0,0.0
random_3,R1,2,3,2,0.4351351351351351,0.5,0.5,0.0,0.39999999999999997,0.5,0.6666666666666666,0.0,0.0
random_3,R1,2,4,2,0.3333333333333333,0.36338028169014086,0.49999999999999994,0.39999999999999997,0.0,0.49999999999999994,0.375,0.0,0.0
random_3,R1,2,5,2,0.5,0.6666666666666666,1.0,0.5,0.49999999999999994,0.0,1.0,0.0,0.0
random_3,R1,2,6,2,0.5,0.704225352112676,1.0,0.6666666666666666,0.375,1.0,0.0,0.0,0.0
random_3,R1,2,7,2,0.0,0.0,0.0,0.0,0.0,0.0,0.0,0.0,0.0
random_3,R1,2,8,2,0.0,0.0,0.0,0.0,0.0,0.0,0.0,0.0,0.0
random_3,R1,2,0,3,0.0,0.4,0.6535714285714286,0.4228571428571429,0.3333333333333333,0.5,0.5,0.0,0.5
random_3,R1,2,1,3,0.4,0.0,0.6666666666666666,0.5,0.3125179856115108,0.6666666666666666,0.6906474820143885,0.0,0.6906474820143885
random_3,R1,2,2,3,0.6535714285714286,0.6666666666666666,0.0,0.5,0.5,1.0,1.0,0.0,1.0
random_3,R1,2,3,3,0.4228571428571429,0.5,0.5,0.0,0.4,0.5,0.6666666666666666,0.0,0.6666666666666666
random_3,R1,2,4,3,0.3333333333333333,0.3125179856115108,0.5,0.4,0.0,0.5,0.44999999999999996,0.0,0.44999999999999996
random_3,R1,2,5,3,0.5,0.6666666666666666,1.0,0.5,0.5,0.0,1.0,0.0,1.0
random_3,R1,2,6,3,0.5,0.6906474820143885,1.0,0.6666666666666666,0.44999999999999996,1.0,0.0,0.0,0.0
random_3,R1,2,7,3,0.0,0.0,0.0,0.0,0.0,0.0,0.0,0.0,0.0
random_3,R1,2,8,3,0.5,0.6906474820143885,1.0,0.6666666666666666,0.44999999999999996,1.0,0.0,0.0,0.0
random_3,R1,2,0,4,0.0,0.4,0.6636690647482014,0.45093525179856114,0.2857142857142857,0.5,0.5,0.0,0.5
random_3,R1,2,1,4,0.4,0.0,0.6666666666666666,0.5,0.24375,0.6666666666666666,0.6625,0.0,0.6625
random_3,R1,2,2,4,0.6636690647482014,0.6666666666666666,0.0,0.4000000000000001,0.4,1.0,1.0,0.0,1.0
random_3,R1,2,3,4,0.45093525179856114,0.5,0.4000000000000001,0.0,0.3333333333333333,0.6,0.6666666666666666,0.0,0.6666666666666666
random_3,R1,2,4,4,0.2857142857142857,0.24375,0.4,0.3333333333333333,0.0,0.4,0.375,0.0,0.375
random_3,R1,2,5,4,0.5,0.6666666666666666,1.0,0.6,0.4,0.0,1.0,0.0,1.0
random_3,R1,2,6,4,0.5,0.6625,1.0,0.6666666666666666,0.375,1.0,0.0,0.0,0.0
random_3,R1,2,7,4,0.0,0.0,0.0,0.0,0.0,0.0,0.0,0.0,0.0
random_3,R1,2,8,4,0.5,0.6625,1.0,0.6666666666666666,0.375,1.0,0.0,0.0,0.0
random_3,R1,2,0,5,0.0,0.4,0.6832460732984293,0.42159685863874347,0.28571428571428575,0.27100473697332333,0.5,0.0,0.5
random_3,R1,2,1,5,0.4,0.0,0.6666666666666666,0.5,0.21374508023009386,0.4,0.6539509536784741,0.0,0.6539509536784741
random_3,R1,2,2,5,0.6832460732984293,0.6666666666666666,0.0,0.625,0.4,0.5,1.0,0.0,1.0
random_3,R1,2,3,5,0.42159685863874347,0.5,0.625,0.0,0.3333333333333333,0.18214285714285713,0.6666666666666666,0.0,0.6666666666666666
random_3,R1,2,4,5,0.28571428571428575,0.21374508023009386,0.4,0.3333333333333333,0.0,0.2857142857142857,0.35,0.0,0.35
random_3,R1,2,5,5,0.27100473697332333,0.4,0.5,0.18214285714285713,0.2857142857142857,0.0,0.5,0.0,0.5
random_3,R1,2,6,5,0.5,0.6539509536784741,1.0,0.6666666666666666,0.35,0.5,0.0,0.0,0.0
random_3,R1,2,7,5,0.0,0.0,0.0,0.0,0.0,0.0,0.0,0.0,0.0
random_3,R1,2,8,5,0.5,0.6539509536784741,1.0,0.6666666666666666,0.35,0.5,0.0,0.0,0.0
random_4,R1,3,0,1,0.0,0.0,0.0,0.7582417582417582,0.0,1.0,0.0,0.0,0.0
random_4,R1,3,1,1,0.0,0.0,0.0,0.0,0.0,0.0,0.0,0.0,0.0
random_4,R1,3,2,1,0.0,0.0,0.0,0.0,0.0,0.0,0.0,0.0,0.0
random_4,R1,3,3,1,0.7582417582417582,0.0,0.0,0.0,0.0,0.6923076923076922,0.0,0.0,0.0
random_4,R1,3,4,1,0.0,0.0,0.0,0.0,0.0,0.0,0.0,0.0,0.0
random_4,R1,3,5,1,1.0,0.0,0.0,0.6923076923076922,0.0,0.0,0.0,0.0,0.0
random_4,R1,3,6,1,0.0,0.0,0.0,0.0,0.0,0.0,0.0,0.0,0.0
random_4,R1,3,7,1,0.0,0.0,0.0,0.0,0.0,0.0,0.0,0.0,0.0
random_4,R1,3,8,1,0.0,0.0,0.0,0.0,0.0,0.0,0.0,0.0,0.0
random_4,R1,3,0,2,0.0,0.0,0.0,0.6530539772727274,0.0,1.0,0.0,0.0,0.0
random_4,R1,3,1,2,0.0,0.0,0.0,0.0,0.0,0.0,0.0,0.0,0.0
random_4,R1,3,2,2,0.0,0.0,0.0,0.0,0.0,0.0,0.0,0.0,0.0
random_4,R1,3,3,2,0.6530539772727274,0.0,0.0,0.0,0.0,0.6064453124999999,0.0,0.0,0.0
random_4,R1,3,4,2,0.0,0.0,0.0,0.0,0.0,0.0,0.0,0.0,0.0
random_4,R1,3,5,2,1.0,0.0,0.0,0.6064453124999999,0.0,0.0,0.0,0.0,0.0
random_4,R1,3,6,2,0.0,0.0,0.0,0.0,0.0,0.0,0.0,0.0,0.0
random_4,R1,3,7,2,0.0,0.0,0.0,0.0,0.0,0.0,0.0,0.0,0.0
random_4,R1,3,8,2,0.0,0.0,0.0,0.0,0.0,0.0,0.0,0.0,0.0
random_4,R1,3,0,3,0.0,0.0,0.0,0.8026878092667568,0.0,1.0,0.0,0.0,0.0
random_4,R1,3,1,3,0.0,0.0,0.0,0.0,0.0,0.0,0.0,0.0,0.0
random_4,R1,3,2,3,0.0,0.0,0.0,0.0,0.0,0.0,0.0,0.0,0.0
random_4,R1,3,3,3,0.8026878092667568,0.0,0.0,0.0,0.0,0.6433451417004048,0.0,0.0,0.0
random_4,R1,3,4,3,0.0,0.0,0.0,0.0,0.0,0.0,0.0,0.0,0.0
random_4,R1,3,5,3,1.0,0.0,0.0,0.6433451417004048,0.0,0.0,0.0,0.0,0.0
random_4,R1,3,6,3,0.0,0.0,0.0,0.0,0.0,0.0,0.0,0.0,0.0
random_4,R1,3,7,3,0.0,0.0,0.0,0.0,0.0,0.0,0.0,0.0,0.0
random_4,R1,3,8,3,0.0,0.0,0.0,0.0,0.0,0.0,0.0,0.0,0.0
random_4,R1,3,0,4,0.0,0.0,0.6972361809045226,0.44597989949748745,0.0,0.49827057364745797,0.0,0.0,0.0
random_4,R1,3,1,4,0.0,0.0,0.0,0.0,0.0,0.0,0.0,0.0,0.0
random_4,R1,3,2,4,0.6972361809045226,0.0,0.0,0.8333333333333333,0.0,1.0,0.0,0.0,0.0
random_4,R1,3,3,4,0.44597989949748745,0.0,0.8333333333333333,0.0,0.0,0.365079365079365,0.0,0.0,0.0
random_4,R1,3,4,4,0.0,0.0,0.0,0.0,0.0,0.0,0.0,0.0,0.0
random_4,R1,3,5,4,0.49827057364745797,0.0,1.0,0.365079365079365,0.0,0.0,0.0,0.0,0.0
random_4,R1,3,6,4,0.0,0.0,0.0,0.0,0.0,0.0,0.0,0.0,0.0
random_4,R1,3,7,4,0.0,0.0,0.0,0.0,0.0,0.0,0.0,0.0,0.0
random_4,R1,3,8,4,0.0,0.0,0.0,0.0,0.0,0.0,0.0,0.0,0.0
random_4,R1,3,0,5,0.0,0.0,0.2613636363636364,0.21388888888888882,0.0,0.2126373626373626,0.0,0.44678571428571434,0.0
random_4,R1,3,1,5,0.0,0.0,0.0,0.0,0.0,0.0,0.0,0.0,0.0
random_4,R1,3,2,5,0.2613636363636364,0.0,0.0,0.375,0.0,0.5,0.0,1.0,0.0
random_4,R1,3,3,5,0.21388888888888882,0.0,0.375,0.0,0.0,0.19666666666666666,0.0,0.5714285714285714,0.0
random_4,R1,3,4,5,0.0,0.0,0.0,0.0,0.0,0.0,0.0,0.0,0.0
random_4,R1,3,5,5,0.2126373626373626,0.0,0.5,0.19666666666666666,0.0,0.0,0.0,0.6000000000000001,0.0
random_4,R1,3,6,5,0.0,0.0,0.0,0.0,0.0,0.0,0.0,0.0,0.0
random_4,R1,3,7,5,0.44678571428571434,0.0,1.0,0.5714285714285714,0.0,0.6000000000000001,0.0,0.0,0.0
random_4,R1,3,8,5,0.0,0.0,0.0,0.0,0.0,0.0,0.0,0.0,0.0
random_5,R1,4,0,1,0.0,0.14529914529914525,0.18181818181818182,0.14444444444444443,0.1818181818181818,0.0,0.0,0.0,0.1818181818181818
random_5,R1,4,1,1,0.14529914529914525,0.0,0.5,0.27517361111111116,0.5,0.0,0.0,0.0,0.5
random_5,R1,4,2,1,0.18181818181818182,0.5,0.0,0.3333333333333333,1.0,0.0,0.0,0.0,1.0
random_5,R1,4,3,1,0.14444444444444443,0.27517361111111116,0.3333333333333333,0.0,0.3333333333333333,0.0,0.0,0.0,0.3333333333333333
random_5,R1,4,4,1,0.1818181818181818,0.5,1.0,0.3333333333333333,0.0,0.0,0.0,0.0,0.0
random_5,R1,4,5,1,0.0,0.0,0.0,0.0,0.0,0.0,0.0,0.0,0.0
random_5,R1,4,6,1,0.0,0.0,0.0,0.0,0.0,0.0,0.0,0.0,0.0
random_5,R1,4,7,1,0.0,0.0,0.0,0.0,0.0,0.0,0.0,0.0,0.0
random_5,R1,4,8,1,0.1818181818181818,0.5,1.0,0.3333333333333333,0.0,0.0,0.0,0.0,0.0
random_5,R1,4,0,2,0.0,0.13640410850001589,0.18181818181818182,0.12986632270168852,0.20288248337028827,0.22283813747228384,0.0,0.0,0.20288248337028827
random_5,R1,4,1,2,0.13640410850001589,0.0,0.5,0.24518325365782992,0.5,0.5084745762711864,0.0,0.0,0.5
random_5,R1,4,2,2,0.18181818181818182,0.5,0.0,0.2857142857142857,1.0,1.0,0.0,0.0,1.0
random_5,R1,4,3,2,0.12986632270168852,0.24518325365782992,0.2857142857142857,0.0,0.2857142857142857,0.41208791208791207,0.0,0.0,0.2857142857142857
random_5,R1,4,4,2,0.20288248337028827,0.5,1.0,0.2857142857142857,0.0,1.0,0.0,0.0,0.0
random_5,R1,4,5,2,0.22283813747228384,0.5084745762711864,1.0,0.41208791208791207,1.0,0.0,0.0,0.0,1.0
random_5,R1,4,6,2,0.0,0.0,0.0,0.0,0.0,0.0,0.0,0.0,0.0
random_5,R1,4,7,2,0.0,0.0,0.0,0.0,0.0,0.0,0.0,0.0,0.0
random_5,R1,4,8,2,0.20288248337028827,0.5,1.0,0.2857142857142857,0.0,1.0,0.0,0.0,0.0
random_5,R1,4,0,3,0.0,0.13888592323706825,0.18181818181818182,0.10313517690566872,0.15606060606060607,0.16142191142191142,0.0,0.0,0.2066115702479339
random_5,R1,4,1,3,0.13888592323706825,0.0,0.5,0.19377481484852277,0.4525190839694656,0.22476675148430872,0.0,0.0,0.5
random_5,R1,4,2,3,0.18181818181818182,0.5,0.0,0.3278688524590163,0.6666666666666666,0.49999999999999994,0.0,0.0,1.0
random_5,R1,4,3,3,0.10313517690566872,0.19377481484852277,0.3278688524590163,0.0,0.2,0.23248882265275705,0.0,0.0,0.2222222222222222
random_5,R1,4,4,3,0.15606060606060607,0.4525190839694656,0.6666666666666666,0.2,0.0,0.4,0.0,0.0,0.4000000000000001
random_5,R1,4,5,3,0.16142191142191142,0.22476675148430872,0.49999999999999994,0.23248882265275705,0.4,0.0,0.0,0.0,0.49999999999999994
random_5,R1,4,6,3,0.0,0.0,0.0,0.0,0.0,0.0,0.0,0.0,0.0
random_5,R1,4,7,3,0.0,0.0,0.0,0.0,0.0,0.0,0.0,0.0,0.0
random_5,R1,4,8,3,0.2066115702479339,0.5,1.0,0.2222222222222222,0.4000000000000001,0.49999999999999994,0.0,0.0,0.0
random_5,R1,4,0,4,0.0,0.276761699838623,0.3336004273504274,0.2210355434039645,0.2892628205128206,0.20810439560439561,0.33333333333333337,0.0,0.31704059829059833
random_5,R1,4,1,4,0.276761699838623,0.0,0.8,0.35389610389610393,0.9057851239669422,0.4480519480519481,0.547107438016529,0.0,0.641322314049587
random_5,R1,4,2,4,0.3336004273504274,0.8,0.0,0.41794569067296344,1.0,0.6666666666666667,1.0,0.0,1.0
random_5,R1,4,3,4,0.2210355434039645,0.35389610389610393,0.41794569067296344,0.0,0.36363636363636365,0.33916083916083917,0.36363636363636365,0.0,0.3636363636363636
random_5,R1,4,4,4,0.2892628205128206,0.9057851239669422,1.0,0.36363636363636365,0.0,0.5833333333333335,0.5000000000000001,0.0,0.5833333333333334
random_5,R1,4,5,4,0.20810439560439561,0.4480519480519481,0.6666666666666667,0.33916083916083917,0.5833333333333335,0.0,0.6666666666666667,0.0,0.638888888888889
random_5,R1,4,6,4,0.33333333333333337,0.547107438016529,1.0,0.36363636363636365,0.5000000000000001,0.6666666666666667,0.0,0.0,0.7500000000000001
random_5,R1,4,7,4,0.0,0.0,0.0,0.0,0.0,0.0,0.0,0.0,0.0
random_5,R1,4,8,4,0.31704059829059833,0.641322314049587,1.0,0.3636363636363636,0.5833333333333334,0.638888888888889,0.7500000000000001,0.0,0.0
random_5,R1,4,0,5,0.0,0.2527183706357048,0.30969979012683646,0.22019318759532286,0.30830579562785976,0.1635231316725979,0.41979195182042145,0.0,0.30646044347111967
random_5,R1,4,1,5,0.2527183706357048,0.0,0.8,0.36118598382749334,0.86141060197664,0.44570658452060075,0.933692722371968,0.0,0.7404312668463614
random_5,R1,4,2,5,0.30969979012683646,0.8,0.0,0.4000000000000001,0.8,0.6666666666666667,1.0,0.0,1.0
random_5,R1,4,3,5,0.22019318759532286,0.36118598382749334,0.4000000000000001,0.0,0.33333333333333337,0.3483516483516484,0.3636363636363637,0.0,0.3636363636363637
random_5,R1,4,4,5,0.30830579562785976,0.86141060197664,0.8,0.33333333333333337,0.0,0.5000000000000001,0.6000000000000001,0.0,0.5250000000000001
random_5,R1,4,5,5,0.1635231316725979,0.44570658452060075,0.6666666666666667,0.3483516483516484,0.5000000000000001,0.0,0.6666666666666667,0.0,0.6666666666666667
random_5,R1,4,6,5,0.41979195182042145,0.933692722371968,1.0,0.3636363636363637,0.6000000000000001,0.6666666666666667,0.0,0.0,0.7500000000000001
random_5,R1,4,7,5,0.0,0.0,0.0,0.0,0.0,0.0,0.0,0.0,0.0
random_5,R1,4,8,5,0.30646044347111967,0.7404312668463614,1.0,0.3636363636363637,0.5250000000000001,0.6666666666666667,0.7500000000000001,0.0,0.0
random_6,R1,5,0,1,0.0,0.5,0.5,0.13636363636363635,0.0,0.0,0.0,0.5,0.0
random_6,R1,5,1,1,0.5,0.0,1.0,1.0,0.0,0.0,0.0,1.0,0.0
random_6,R1,5,2,1,0.5,1.0,0.0,1.0,0.0,0.0,0.0,1.0,0.0
random_6,R1,5,3,1,0.13636363636363635,1.0,1.0,0.0,0.0,0.0,0.0,1.0,0.0
random_6,R1,5,4,1,0.0,0.0,0.0,0.0,0.0,0.0,0.0,0.0,0.0
random_6,R1,5,5,1,0.0,0.0,0.0,0.0,0.0,0.0,0.0,0.0,0.0
random_6,R1,5,6,1,0.0,0.0,0.0,0.0,0.0,0.0,0.0,0.0,0.0
random_6,R1,5,7,1,0.5,1.0,1.0,1.0,0.0,0.0,0.0,0.0,0.0
random_6,R1,5,8,1,0.0,0.0,0.0,0.0,0.0,0.0,0.0,0.0,0.0
random_6,R1,5,0,2,0.0,0.5,0.5,0.13636363636363635,0.0,0.0,0.0,0.5,0.0
random_6,R1,5,1,2,0.5,0.0,1.0,1.0,0.0,0.0,0.0,1.0,0.0
random_6,R1,5,2,2,0.5,1.0,0.0,1.0,0.0,0.0,0.0,1.0,0.0
random_6,R1,5,3,2,0.13636363636363635,1.0,1.0,0.0,0.0,0.0,0.0,1.0,0.0
random_6,R1,5,4,2,0.0,0.0,0.0,0.0,0.0,0.0,0.0,0.0,0.0
random_6,R1,5,5,2,0.0,0.0,0.0,0.0,0.0,0.0,0.0,0.0,0.0
random_6,R1,5,6,2,0.0,0.0,0.0,0.0,0.0,0.0,0.0,0.0,0.0
random_6,R1,5,7,2,0.5,1.0,1.0,1.0,0.0,0.0,0.0,0.0,0.0
random_6,R1,5,8,2,0.0,0.0,0.0,0.0,0.0,0.0,0.0,0.0,0.0
random_6,R1,5,0,3,0.0,0.5,0.5,0.20454545454545453,0.0,0.0,0.0,0.4,0.5
random_6,R1,5,1,3,0.5,0.0,1.0,1.0,0.0,0.0,0.0,0.6666666666666666,1.0
random_6,R1,5,2,3,0.5,1.0,0.0,1.0,0.0,0.0,0.0,0.6666666666666666,0.0
random_6,R1,5,3,3,0.20454545454545453,1.0,1.0,0.0,0.0,0.0,0.0,0.6666666666666666,1.0
random_6,R1,5,4,3,0.0,0.0,0.0,0.0,0.0,0.0,0.0,0.0,0.0
random_6,R1,5,5,3,0.0,0.0,0.0,0.0,0.0,0.0,0.0,0.0,0.0
random_6,R1,5,6,3,0.0,0.0,0.0,0.0,0.0,0.0,0.0,0.0,0.0
random_6,R1,5,7,3,0.4,0.6666666666666666,0.6666666666666666,0.6666666666666666,0.0,0.0,0.0,0.0,0.6666666666666666
random_6,R1,5,8,3,0.5,1.0,0.0,1.0,0.0,0.0,0.0,0.6666666666666666,0.0
random_6,R1,5,0,4,0.0,0.5,0.5,0.15067519545131489,0.0,0.0,0.0,0.4,0.5
random_6,R1,5,1,4,0.5,0.0,1.0,0.49999999999999994,0.0,0.0,0.0,0.6666666666666666,1.0
random_6,R1,5,2,4,0.5,1.0,0.0,0.49999999999999994,0.0,0.0,0.0,0.6666666666666666,0.0
random_6,R1,5,3,4,0.15067519545131489,0.49999999999999994,0.49999999999999994,0.0,0.0,0.0,0.0,0.39999999999999997,0.49999999999999994
random_6,R1,5,4,4,0.0,0.0,0.0,0.0,0.0,0.0,0.0,0.0,0.0
random_6,R1,5,5,4,0.0,0.0,0.0,0.0,0.0,0.0,0.0,0.0,0.0
random_6,R1,5,6,4,0.0,0.0,0.0,0.0,0.0,0.0,0.0,0.0,0.0
random_6,R1,5,7,4,0.4,0.6666666666666666,0.6666666666666666,0.39999999999999997,0.0,0.0,0.0,0.0,0.6666666666666666
random_6,R1,5,8,4,0.5,1.0,0.0,0.49999999999999994,0.0,0.0,0.0,0.6666666666666666,0.0
random_6,R1,5,0,5,0.0,0.5,0.3229813664596274,0.10869565217391304,0.5,0.5,0.0,0.4,0.5
random_6,R1,5,1,5,0.5,0.0,0.4,0.5,1.0,1.0,0.0,0.6666666666666666,1.0
random_6,R1,5,2,5,0.3229813664596274,0.4,0.0,0.25,0.5,0.4,0.0,0.3333333333333333,0.5
random_6,R1,5,3,5,0.10869565217391304,0.5,0.25,0.0,0.5,0.5,0.0,0.4,0.5
random_6,R1,5,4,5,0.5,1.0,0.5,0.5,0.0,1.0,0.0,0.6666666666666666,1.0
random_6,R1,5,5,5,0.5,1.0,0.4,0.5,1.0,0.0,0.0,0.6666666666666666,1.0
random_6,R1,5,6,5,0.0,0.0,0.0,0.0,0.0,0.0,0.0,0.0,0.0
random_6,R1,5,7,5,0.4,0.6666666666666666,0.3333333333333333,0.4,0.6666666666666666,0.6666666666666666,0.0,0.0,0.6666666666666666
random_6,R1,5,8,5,0.5,1.0,0.5,0.5,1.0,1.0,0.0,0.6666666666666666,0.0
random_7,R1,6,0,1,0.0,0.0,0.0,0.27976190476190477,0.44642857142857145,0.17857142857142858,0.0,0.0,0.0
random_7,R1,6,1,1,0.0,0.0,0.0,0.0,0.0,0.0,0.0,0.0,0.0
random_7,R1,6,2,1,0.0,0.0,0.0,0.0,0.0,0.0,0.0,0.0,0.0
random_7,R1,6,3,1,0.27976190476190477,0.0,0.0,0.0,0.49999999999999994,0.49999999999999994,0.0,0.0,0.0
random_7,R1,6,4,1,0.44642857142857145,0.0,0.0,0.49999999999999994,0.0,1.0,0.0,0.0,0.0
random_7,R1,6,5,1,0.17857142857142858,0.0,0.0,0.49999999999999994,1.0,0.0,0.0,0.0,0.0
random_7,R1,6,6,1,0.0,0.0,0.0,0.0,0.0,0.0,0.0,0.0,0.0
random_7,R1,6,7,1,0.0,0.0,0.0,0.0,0.0,0.0,0.0,0.0,0.0
random_7,R1,6,8,1,0.0,0.0,0.0,0.0,0.0,0.0,0.0,0.0,0.0
random_7,R1,6,0,2,0.0,0.0,0.23214285714285718,0.16454545454545455,0.40408163265306124,0.21428571428571433,0.40408163265306124,0.2910714285714286,0.0
random_7,R1,6,1,2,0.0,0.0,0.0,0.0,0.0,0.0,0.0,0.0,0.0
random_7,R1,6,2,2,0.23214285714285718,0.0,0.0,0.2787878787878788,0.6666666666666666,0.6666666666666666,0.6666666666666666,0.325,0.0
random_7,R1,6,3,2,0.16454545454545455,0.0,0.2787878787878788,0.0,0.4,0.4,0.4,0.3333333333333333,0.0
random_7,R1,6,4,2,0.40408163265306124,0.0,0.6666666666666666,0.4,0.0,1.0,0.0,0.5,0.0
random_7,R1,6,5,2,0.21428571428571433,0.0,0.6666666666666666,0.4,1.0,0.0,1.0,0.6666666666666666,0.0
random_7,R1,6,6,2,0.40408163265306124,0.0,0.6666666666666666,0.4,0.0,1.0,0.0,0.5,0.0
random_7,R1,6,7,2,0.2910714285714286,0.0,0.325,0.3333333333333333,0.5,0.6666666666666666,0.5,0.0,0.0
random_7,R1,6,8,2,0.0,0.0,0.0,0.0,0.0,0.0,0.0,0.0,0.0
random_7,R1,6,0,3,0.0,0.0,0.24478861629899565,0.2758530183727034,0.6749156355455568,0.31496062992125984,0.6749156355455568,0.4863845144356955,0.0
random_7,R1,6,1,3,0.0,0.0,0.0,0.0,0.0,0.0,0.0,0.0,0.0
random_7,R1,6,2,3,0.24478861629899565,0.0,0.0,0.3299663299663299,0.5555555555555556,0.47619047619047616,0.5555555555555556,0.24891774891774893,0.0
random_7,R1,6,3,3,0.2758530183727034,0.0,0.3299663299663299,0.0,0.6666666666666666,0.5555555555555556,0.6666666666666666,0.5555555555555556,0.0
random_7,R1,6,4,3,0.6749156355455568,0.0,0.5555555555555556,0.6666666666666666,0.0,1.0,0.0,0.8333333333333334,0.0
random_7,R1,6,5,3,0.31496062992125984,0.0,0.47619047619047616,0.5555555555555556,1.0,0.0,1.0,0.5416666666666666,0.0
random_7,R1,6,6,3,0.6749156355455568,0.0,0.5555555555555556,0.6666666666666666,0.0,1.0,0.0,0.8333333333333334,0.0
random_7,R1,6,7,3,0.4863845144356955,0.0,0.24891774891774893,0.5555555555555556,0.8333333333333334,0.5416666666666666,0.8333333333333334,0.0,0.0
random_7,R1,6,8,3,0.0,0.0,0.0,0.0,0.0,0.0,0.0,0.0,0.0
random_7,R1,6,0,4,0.0,0.0,0.21929427161985302,0.2839793281653747,0.6910299003322258,0.3313953488372093,0.6910299003322258,0.4140109101349412,0.0
random_7,R1,6,1,4,0.0,0.0,0.0,0.0,0.0,0.0,0.0,0.0,0.0
random_7,R1,6,2,4,0.21929427161985302,0.0,0.0,0.2602413019079685,0.37037037037037035,0.33333333333333337,0.37037037037037035,0.25711662075298436,0.0
random_7,R1,6,3,4,0.2839793281653747,0.0,0.2602413019079685,0.0,0.6666666666666666,0.5555555555555556,0.6666666666666666,0.4497354497354497,0.0
random_7,R1,6,4,4,0.6910299003322258,0.0,0.37037037037037035,0.6666666666666666,0.0,1.0,0.0,0.8333333333333334,0.0
random_7,R1,6,5,4,0.3313953488372093,0.0,0.33333333333333337,0.5555555555555556,1.0,0.0,1.0,0.4666666666666666,0.0
random_7,R1,6,6,4,0.6910299003322258,0.0,0.37037037037037035,0.6666666666666666,0.0,1.0,0.0,0.8333333333333334,0.0
random_7,R1,6,7,4,0.4140109101349412,0.0,0.25711662075298436,0.4497354497354497,0.8333333333333334,0.4666666666666666,0.8333333333333334,0.0,0.0
random_7,R1,6,8,4,0.0,0.0,0.0,0.0,0.0,0.0,0.0,0.0,0.0
random_7,R1,6,0,5,0.0,0.0,0.18525000000000003,0.25464444444444445,0.572,0.26425,0.572,0.3411851851851851,0.0
random_7,R1,6,1,5,0.0,0.0,0.0,0.0,0.0,0.0,0.0,0.0,0.0
random_7,R1,6,2,5,0.18525000000000003,0.0,0.0,0.17865079365079362,0.2545454545454545,0.29666666666666663,0.2545454545454545,0.16820512820512815,0.0
random_7,R1,6,3,5,0.25464444444444445,0.0,0.17865079365079362,0.0,0.56,0.4666666666666666,0.56,0.39999999999999997,0.0
random_7,R1,6,4,5,0.572,0.0,0.2545454545454545,0.56,0.0,1.0,0.0,0.7,0.0
random_7,R1,6,5,5,0.26425,0.0,0.29666666666666663,0.4666666666666666,1.0,0.0,1.0,0.41333333333333333,0.0
random_7,R1,6,6,5,0.572,0.0,0.2545454545454545,0.56,0.0,1.0,0.0,0.7,0.0
random_7,R1,6,7,5,0.3411851851851851,0.0,0.16820512820512815,0.39999999999999997,0.7,0.41333333333333333,0.7,0.0,0.0
random_7,R1,6,8,5,0.0,0.0,0.0,0.0,0.0,0.0,0.0,0.0,0.0
random_8,R1,7,0,1,0.0,0.4,0.0,0.18864468864468864,0.5,0.4903846153846154,0.0,0.0,0.0
random_8,R1,7,1,1,0.4,0.0,0.0,0.3333333333333333,0.6666666666666666,0.6666666666666666,0.0,0.0,0.0
random_8,R1,7,2,1,0.0,0.0,0.0,0.0,0.0,0.0,0.0,0.0,0.0
random_8,R1,7,3,1,0.18864468864468864,0.3333333333333333,0.0,0.0,0.4,0.4,0.0,0.0,0.0
random_8,R1,7,4,1,0.5,0.6666666666666666,0.0,0.4,0.0,1.0,0.0,0.0,0.0
random_8,R1,7,5,1,0.4903846153846154,0.6666666666666666,0.0,0.4,1.0,0.0,0.0,0.0,0.0
random_8,R1,7,6,1,0.0,0.0,0.0,0.0,0.0,0.0,0.0,0.0,0.0
random_8,R1,7,7,1,0.0,0.0,0.0,0.0,0.0,0.0,0.0,0.0,0.0
random_8,R1,7,8,1,0.0,0.0,0.0,0.0,0.0,0.0,0.0,0.0,0.0
random_8,R1,7,0,2,0.0,0.2222222222222222,0.25,0.15272727272727274,0.25,0.22,0.0,0.25,0.0
random_8,R1,7,1,2,0.2222222222222222,0.0,0.6309523809523809,0.3333333333333333,0.6666666666666666,0.6666666666666666,0.0,0.6666666666666666,0.0
random_8,R1,7,2,2,0.25,0.6309523809523809,0.0,0.4,1.0,1.0,0.0,1.0,0.0
random_8,R1,7,3,2,0.15272727272727274,0.3333333333333333,0.4,0.0,0.4,0.39999999999999997,0.0,0.39999999999999997,0.0
random_8,R1,7,4,2,0.25,0.6666666666666666,1.0,0.4,0.0,1.0,0.0,1.0,0.0
random_8,R1,7,5,2,0.22,0.6666666666666666,1.0,0.39999999999999997,1.0,0.0,0.0,1.0,0.0
random_8,R1,7,6,2,0.0,0.0,0.0,0.0,0.0,0.0,0.0,0.0,0.0
random_8,R1,7,7,2,0.25,0.6666666666666666,1.0,0.39999999999999997,1.0,1.0,0.0,0.0,0.0
random_8,R1,7,8,2,0.0,0.0,0.0,0.0,0.0,0.0,0.0,0.0,0.0
random_8,R1,7,0,3,0.0,0.2222222222222222,0.2222222222222222,0.12994645422489223,0.2,0.1375,0.0,0.24999999999999997,0.25
random_8,R1,7,1,3,0.2222222222222222,0.0,0.375,0.25,0.5519999999999999,0.4,0.0,0.6666666666666666,0.6333333333333333
random_8,R1,7,2,3,0.2222222222222222,0.375,0.0,0.25,0.44000000000000006,0.32999999999999996,0.0,0.6666666666666666,0.4000000000000001
random_8,R1,7,3,3,0.12994645422489223,0.25,0.25,0.0,0.2222222222222222,0.21953405017921146,0.0,0.2857142857142857,0.2857142857142857
random_8,R1,7,4,3,0.2,0.5519999999999999,0.44000000000000006,0.2222222222222222,0.0,0.36166666666666664,0.0,0.5,0.72
random_8,R1,7,5,3,0.1375,0.4,0.32999999999999996,0.21953405017921146,0.36166666666666664,0.0,0.0,0.5,0.5
random_8,R1,7,6,3,0.0,0.0,0.0,0.0,0.0,0.0,0.0,0.0,0.0
random_8,R1,7,7,3,0.24999999999999997,0.6666666666666666,0.6666666666666666,0.2857142857142857,0.5,0.5,0.0,0.0,1.0
random_8,R1,7,8,3,0.25,0.6333333333333333,0.4000000000000001,0.2857142857142857,0.72,0.5,0.0,1.0,0.0
random_8,R1,7,0,4,0.0,0.2222222222222222,0.14098277608915907,0.1150421582264352,0.2,0.14893617021276598,0.0,0.25,0.25
random_8,R1,7,1,4,0.2222222222222222,0.0,0.16360153256704982,0.2579518150529255,0.518918918918919,0.4,0.0,0.6666666666666666,0.6275862068965516
random_8,R1,7,2,4,0.14098277608915907,0.16360153256704982,0.0,0.1584745762711864,0.22405405405405404,0.16,0.0,0.25000000000000006,0.2625
random_8,R1,7,3,4,0.1150421582264352,0.2579518150529255,0.1584745762711864,0.0,0.20572606504809893,0.18686440677966104,0.0,0.25,0.36864406779661013
random_8,R1,7,4,4,0.2,0.518918918918919,0.22405405405405404,0.20572606504809893,0.0,0.3524774774774775,0.0,0.5,0.6689189189189189
random_8,R1,7,5,4,0.14893617021276598,0.4,0.16,0.18686440677966104,0.3524774774774775,0.0,0.0,0.5,0.5
random_8,R1,7,6,4,0.0,0.0,0.0,0.0,0.0,0.0,0.0,0.0,0.0
random_8,R1,7,7,4,0.25,0.6666666666666666,0.25000000000000006,0.25,0.5,0.5,0.0,0.0,1.0
random_8,R1,7,8,4,0.25,0.6275862068965516,0.2625,0.36864406779661013,0.6689189189189189,0.5,0.0,1.0,0.0
random_8,R1,7,0,5,0.0,0.2222222222222222,0.13335568969371786,0.1048513302034429,0.2,0.1676056338028169,0.0,0.25,0.25
random_8,R1,7,1,5,0.2222222222222222,0.0,0.15080964375674702,0.23282022576732908,0.5106382978723404,0.4,0.0,0.6666666666666666,0.6347607052896725
random_8,R1,7,2,5,0.13335568969371786,0.15080964375674702,0.0,0.14643959435626103,0.21138436032053054,0.16883116883116883,0.0,0.22222222222222218,0.23809523809523808
random_8,R1,7,3,5,0.1048513302034429,0.23282022576732908,0.14643959435626103,0.0,0.26405903001647685,0.18742985409652074,0.0,0.2222222222222222,0.3292181069958848
random_8,R1,7,4,5,0.2,0.5106382978723404,0.21138436032053054,0.26405903001647685,0.0,0.35017730496453897,0.0,0.5,0.6542553191489362
random_8,R1,7,5,5,0.1676056338028169,0.4,0.16883116883116883,0.18742985409652074,0.35017730496453897,0.0,0.0,0.5,0.5
random_8,R1,7,6,5,0.0,0.0,0.0,0.0,0.0,0.0,0.0,0.0,0.0
random_8,R1,7,7,5,0.25,0.6666666666666666,0.22222222222222218,0.2222222222222222,0.5,0.5,0.0,0.0,1.0
random_8,R1,7,8,5,0.25,0.6347607052896725,0.23809523809523808,0.3292181069958848,0.6542553191489362,0.5,0.0,1.0,0.0
random_9,R1,8,0,1,0.0,0.25000000000000006,0.0,0.11458333333333333,0.2222222222222222,0.0,0.25,0.0,0.0
random_9,R1,8,1,1,0.25000000000000006,0.0,0.0,0.3333333333333333,0.5,0.0,1.0,0.0,0.0
random_9,R1,8,2,1,0.0,0.0,0.0,0.0,0.0,0.0,0.0,0.0,0.0
random_9,R1,8,3,1,0.11458333333333333,0.3333333333333333,0.0,0.0,0.30357142857142855,0.0,0.4375,0.0,0.0
random_9,R1,8,4,1,0.2222222222222222,0.5,0.0,0.30357142857142855,0.0,0.0,0.5,0.0,0.0
random_9,R1,8,5,1,0.0,0.0,0.0,0.0,0.0,0.0,0.0,0.0,0.0
random_9,R1,8,6,1,0.25,1.0,0.0,0.4375,0.5,0.0,0.0,0.0,0.0
random_9,R1,8,7,1,0.0,0.0,0.0,0.0,0.0,0.0,0.0,0.0,0.0
random_9,R1,8,8,1,0.0,0.0,0.0,0.0,0.0,0.0,0.0,0.0,0.0
random_9,R1,8,0,2,0.0,0.19999999999999998,0.2222222222222222,0.1330732946298984,0.19999999999999998,0.22126929674099483,0.2222222222222222,0.0,0.0
random_9,R1,8,1,2,0.19999999999999998,0.0,0.6666666666666666,0.2787841191066997,0.35080645161290325,0.4,0.6666666666666666,0.0,0.0
random_9,R1,8,2,2,0.2222222222222222,0.6666666666666666,0.0,0.2222222222222222,0.6666666666666666,0.5,1.0,0.0,0.0
random_9,R1,8,3,2,0.1330732946298984,0.2787841191066997,0.2222222222222222,0.0,0.27692307692307694,0.11188811188811187,0.3205128205128205,0.0,0.0
random_9,R1,8,4,2,0.19999999999999998,0.35080645161290325,0.6666666666666666,0.27692307692307694,0.0,0.4,0.5,0.0,0.0
random_9,R1,8,5,2,0.22126929674099483,0.4,0.5,0.11188811188811187,0.4,0.0,0.5,0.0,0.0
random_9,R1,8,6,2,0.2222222222222222,0.6666666666666666,1.0,0.3205128205128205,0.5,0.5,0.0,0.0,0.0
random_9,R1,8,7,2,0.0,0.0,0.0,0.0,0.0,0.0,0.0,0.0,0.0
random_9,R1,8,8,2,0.0,0.0,0.0,0.0,0.0,0.0,0.0,0.0,0.0
random_9,R1,8,0,3,0.0,0.30000000000000004,0.2836246200607903,0.14480473040279945,0.30000000000000004,0.30029013539651844,0.3333333333333333,0.0,0.3333333333333333
random_9,R1,8,1,3,0.30000000000000004,0.0,0.49188311688311687,0.3779305110473942,0.5227272727272728,0.6000000000000001,1.0,0.0,1.0
random_9,R1,8,2,3,0.2836246200607903,0.49188311688311687,0.0,0.23076923076923078,0.5,0.42857142857142855,0.6000000000000001,0.0,0.6000000000000001
random_9,R1,8,3,3,0.14480473040279945,0.3779305110473942,0.23076923076923078,0.0,0.37569573283859,0.14540816326530612,0.43163265306122445,0.0,0.43163265306122445
random_9,R1,8,4,3,0.30000000000000004,0.5227272727272728,0.5,0.37569573283859,0.0,0.6000000000000001,0.75,0.0,0.75
random_9,R1,8,5,3,0.30029013539651844,0.6000000000000001,0.42857142857142855,0.14540816326530612,0.6000000000000001,0.0,0.75,0.0,0.75
random_9,R1,8,6,3,0.3333333333333333,1.0,0.6000000000000001,0.43163265306122445,0.75,0.75,0.0,0.0,0.0
random_9,R1,8,7,3,0.0,0.0,0.0,0.0,0.0,0.0,0.0,0.0,0.0
random_9,R1,8,8,3,0.3333333333333333,1.0,0.6000000000000001,0.43163265306122445,0.75,0.75,0.0,0.0,0.0
random_9,R1,8,0,4,0.0,0.2,0.1843112244897959,0.0848255010816587,0.2,0.16468253968253968,0.2222222222222222,0.3151927437641724,0.2222222222222222
random_9,R1,8,1,4,0.2,0.0,0.30543478260869567,0.22978510744627687,0.5652173913043479,0.3333333333333333,0.6666666666666666,0.6666666666666666,0.6666666666666666
random_9,R1,8,2,4,0.1843112244897959,0.30543478260869567,0.0,0.14285714285714285,0.3333333333333333,0.25,0.4,0.375,0.4
random_9,R1,8,3,4,0.0848255010816587,0.22978510744627687,0.14285714285714285,0.0,0.23275862068965514,0.07963875205254516,0.26332288401253917,0.18181818181818182,0.26332288401253917
random_9,R1,8,4,4,0.2,0.5652173913043479,0.3333333333333333,0.23275862068965514,0.0,0.3333333333333333,0.19999999999999996,0.6666666666666666,0.19999999999999996
random_9,R1,8,5,4,0.16468253968253968,0.3333333333333333,0.25,0.07963875205254516,0.3333333333333333,0.0,0.4,0.4,0.4
random_9,R1,8,6,4,0.2222222222222222,0.6666666666666666,0.4,0.26332288401253917,0.19999999999999996,0.4,0.0,1.0,0.0
random_9,R1,8,7,4,0.3151927437641724,0.6666666666666666,0.375,0.18181818181818182,0.6666666666666666,0.4,1.0,0.0,1.0
random_9,R1,8,8,4,0.2222222222222222,0.6666666666666666,0.4,0.26332288401253917,0.19999999999999996,0.4,0.0,1.0,0.0
random_9,R1,8,0,5,0.0,0.27272727272727276,0.20930804355461888,0.14455220074911637,0.27272727272727276,0.17054794520547947,0.30000000000000004,0.3110211706102116,0.30000000000000004
random_9,R1,8,1,5,0.27272727272727276,0.0,0.321217562557924,0.34401630913899506,0.918862951807229,0.4828689759036144,1.0,0.49698795180722893,1.0
random_9,R1,8,2,5,0.20930804355461888,0.321217562557924,0.0,0.16656894934333966,0.375,0.24198717948717952,0.42857142857142855,0.2524038461538462,0.42857142857142855
random_9,R1,8,3,5,0.14455220074911637,0.34401630913899506,0.16656894934333966,0.0,0.35213414634146345,0.08822408536585366,0.39412416851441245,0.3033536585365854,0.39412416851441245
random_9,R1,8,4,5,0.27272727272727276,0.918862951807229,0.375,0.35213414634146345,0.0,0.3515625,0.1875,0.796875,0.1875
random_9,R1,8,5,5,0.17054794520547947,0.4828689759036144,0.24198717948717952,0.08822408536585366,0.3515625,0.0,0.42857142857142855,0.4218750000000001,0.42857142857142855
random_9,R1,8,6,5,0.30000000000000004,1.0,0.42857142857142855,0.39412416851441245,0.1875,0.42857142857142855,0.0,1.0,0.0
random_9,R1,8,7,5,0.3110211706102116,0.49698795180722893,0.2524038461538462,0.3033536585365854,0.796875,0.4218750000000001,1.0,0.0,1.0
random_9,R1,8,8,5,0.30000000000000004,1.0,0.42857142857142855,0.39412416851441245,0.1875,0.42857142857142855,0.0,1.0,0.0
random_10,R1,9,0,1,0.0,0.3333333333333333,0.2857142857142857,0.3666666666666667,0.3333333333333333,0.3333333333333333,0.0,0.0,0.3333333333333333
random_10,R1,9,1,1,0.3333333333333333,0.0,0.6666666666666666,1.0,1.0,1.0,0.0,0.0,1.0
random_10,R1,9,2,1,0.2857142857142857,0.6666666666666666,0.0,0.6666666666666666,0.6666666666666666,0.5,0.0,0.0,0.6666666666666666
random_10,R1,9,3,1,0.3666666666666667,1.0,0.6666666666666666,0.0,1.0,1.0,0.0,0.0,1.0
random_10,R1,9,4,1,0.3333333333333333,1.0,0.6666666666666666,1.0,0.0,1.0,0.0,0.0,0.0
random_10,R1,9,5,1,0.3333333333333333,1.0,0.5,1.0,1.0,0.0,0.0,0.0,1.0
random_10,R1,9,6,1,0.0,0.0,0.0,0.0,0.0,0.0,0.0,0.0,0.0
random_10,R1,9,7,1,0.0,0.0,0.0,0.0,0.0,0.0,0.0,0.0,0.0
random_10,R1,9,8,1,0.3333333333333333,1.0,0.6666666666666666,1.0,0.0,1.0,0.0,0.0,0.0
random_10,R1,9,0,2,0.0,0.28571428571428575,0.2857142857142857,0.21874999999999997,0.3333333333333333,0.3333333333333333,0.0,0.0,0.3333333333333333
random_10,R1,9,1,2,0.28571428571428575,0.0,0.5,0.4,0.8333333333333334,0.6666666666666666,0.0,0.0,0.8333333333333334
random_10,R1,9,2,2,0.2857142857142857,0.5,0.0,0.4,0.6666666666666666,0.5,0.0,0.0,0.6666666666666666
random_10,R1,9,3,2,0.21874999999999997,0.4,0.4,0.0,0.5,0.5,0.0,0.0,0.5
random_10,R1,9,4,2,0.3333333333333333,0.8333333333333334,0.6666666666666666,0.5,0.0,1.0,0.0,0.0,0.0
random_10,R1,9,5,2,0.3333333333333333,0.6666666666666666,0.5,0.5,1.0,0.0,0.0,0.0,1.0
random_10,R1,9,6,2,0.0,0.0,0.0,0.0,0.0,0.0,0.0,0.0,0.0
random_10,R1,9,7,2,0.0,0.0,0.0,0.0,0.0,0.0,0.0,0.0,0.0
random_10,R1,9,8,2,0.3333333333333333,0.8333333333333334,0.6666666666666666,0.5,0.0,1.0,0.0,0.0,0.0
random_10,R1,9,0,3,0.0,0.3095238095238096,0.30952380952380953,0.2201445810564663,0.3611111111111111,0.30952380952380953,0.0,0.0,0.3611111111111111
random_10,R1,9,1,3,0.3095238095238096,0.0,0.5416666666666667,0.3611111111111111,1.0,0.5416666666666667,0.0,0.0,1.0
random_10,R1,9,2,3,0.30952380952380953,0.5416666666666667,0.0,0.3611111111111111,0.7222222222222222,0.27083333333333337,0.0,0.0,0.7222222222222222
random_10,R1,9,3,3,0.2201445810564663,0.3611111111111111,0.3611111111111111,0.0,0.4333333333333334,0.3836805555555556,0.0,0.0,0.4333333333333334
random_10,R1,9,4,3,0.3611111111111111,1.0,0.7222222222222222,0.4333333333333334,0.0,0.7222222222222222,0.0,0.0,0.0
random_10,R1,9,5,3,0.30952380952380953,0.5416666666666667,0.27083333333333337,0.3836805555555556,0.7222222222222222,0.0,0.0,0.0,0.7222222222222222
random_10,R1,9,6,3,0.0,0.0,0.0,0.0,0.0,0.0,0.0,0.0,0.0
random_10,R1,9,7,3,0.0,0.0,0.0,0.0,0.0,0.0,0.0,0.0,0.0
random_10,R1,9,8,3,0.3611111111111111,1.0,0.7222222222222222,0.4333333333333334,0.0,0.7222222222222222,0.0,0.0,0.0
random_10,R1,9,0,4,0.0,0.23209876543209879,0.2222222222222222,0.1042543859649123,0.2857142857142857,0.2222222222222222,0.3428571428571429,0.0,0.2857142857142857
random_10,R1,9,1,4,0.23209876543209879,0.0,0.3333333333333333,0.1652199074074074,0.6666666666666666,0.3333333333333333,0.7222222222222222,0.0,0.6666666666666666
random_10,R1,9,2,4,0.2222222222222222,0.3333333333333333,0.0,0.1796875,0.5,0.2916666666666667,0.5,0.0,0.5
