filename,r,type_id,0,1,2,3,4,5,6,7,8
random_1,1,0,0.0,0.1578,0.10508,0.09466,0.12512,0.14328,0.21828,0.16667,0.0
random_1,1,1,0.1578,0.0,0.21678,0.19052,0.27841,0.25,0.08182,0.57273,0.0
random_1,1,2,0.10508,0.21678,0.0,0.13261,0.19071,0.09081,0.30769,0.22222,0.0
random_1,1,3,0.09466,0.19052,0.13261,0.0,0.19856,0.1256,0.25,0.35526,0.0
random_1,1,4,0.12512,0.27841,0.19071,0.19856,0.0,0.25,0.45,0.45,0.0
random_1,1,5,0.14328,0.25,0.09081,0.1256,0.25,0.0,0.4,0.4,0.0
random_1,1,6,0.21828,0.08182,0.30769,0.25,0.45,0.4,0.0,1.0,0.0
random_1,1,7,0.16667,0.57273,0.22222,0.35526,0.45,0.4,1.0,0.0,0.0
random_1,1,8,0.0,0.0,0.0,0.0,0.0,0.0,0.0,0.0,0.0
random_1,2,0,0.0,0.11706,0.09192,0.08722,0.13707,0.07926,0.20782,0.23011,0.0
random_1,2,1,0.11706,0.0,0.12648,0.12711,0.07609,0.15565,0.06522,0.2668,0.0
random_1,2,2,0.09192,0.12648,0.0,0.1112,0.1481,0.0837,0.22324,0.22324,0.0
random_1,2,3,0.08722,0.12711,0.1112,0.0,0.15625,0.08203,0.22222,0.30833,0.0
random_1,2,4,0.13707,0.07609,0.1481,0.15625,0.0,0.18229,0.225,0.525,0.0
random_1,2,5,0.07926,0.15565,0.0837,0.08203,0.18229,0.0,0.3125,0.22222,0.0
random_1,2,6,0.20782,0.06522,0.22324,0.22222,0.225,0.3125,0.0,1.0,0.0
random_1,2,7,0.23011,0.2668,0.22324,0.30833,0.525,0.22222,1.0,0.0,0.0
random_1,2,8,0.0,0.0,0.0,0.0,0.0,0.0,0.0,0.0,0.0
random_1,3,0,0.0,0.16349,0.12886,0.1131,0.15356,0.10522,0.25149,0.34166,0.20663
random_1,3,1,0.16349,0.0,0.18265,0.19532,0.08559,0.1608,0.11231,0.36,0.24393
random_1,3,2,0.12886,0.18265,0.0,0.14268,0.21072,0.13477,0.31015,0.33806,0.23509
random_1,3,3,0.1131,0.19532,0.14268,0.0,0.20657,0.09358,0.25962,0.32537,0.26208
random_1,3,4,0.15356,0.08559,0.21072,0.20657,0.0,0.16534,0.1625,0.6,0.31111
random_1,3,5,0.10522,0.1608,0.13477,0.09358,0.16534,0.0,0.20455,0.27273,0.24126
random_1,3,6,0.25149,0.11231,0.31015,0.25962,0.1625,0.20455,0.0,1.0,0.5
random_1,3,7,0.34166,0.36,0.33806,0.32537,0.6,0.27273,1.0,0.0,0.75
random_1,3,8,0.20663,0.24393,0.23509,0.26208,0.31111,0.24126,0.5,0.75,0.0
random_1,4,0,0.0,0.3592,0.29532,0.18257,0.2668,0.1857,0.40783,0.47825,0.48129
random_1,4,1,0.3592,0.0,0.43254,0.42592,0.17972,0.36128,0.33471,0.593,0.50837
random_1,4,2,0.29532,0.43254,0.0,0.32955,0.42144,0.32085,0.51933,0.39132,0.53667
random_1,4,3,0.18257,0.42592,0.32955,0.0,0.3422,0.21632,0.38948,0.49085,0.60894
random_1,4,4,0.2668,0.17972,0.42144,0.3422,0.0,0.27858,0.21212,0.62413,0.5524
random_1,4,5,0.1857,0.36128,0.32085,0.21632,0.27858,0.0,0.37069,0.49149,0.54255
random_1,4,6,0.40783,0.33471,0.51933,0.38948,0.21212,0.37069,0.0,0.875,0.75
random_1,4,7,0.47825,0.593,0.39132,0.49085,0.62413,0.49149,0.875,0.0,1.0
random_1,4,8,0.48129,0.50837,0.53667,0.60894,0.5524,0.54255,0.75,1.0,0.0
random_1,5,0,0.0,0.59433,0.47613,0.20744,0.38606,0.27508,0.52131,0.4384,0.51443
random_1,5,1,0.59433,0.0,0.70576,0.65707,0.30051,0.5872,0.43032,0.75075,0.96671
random_1,5,2,0.47613,0.70576,0.0,0.56683,0.56759,0.50977,0.84119,0.53253,0.75487
random_1,5,3,0.20744,0.65707,0.56683,0.0,0.45453,0.29557,0.62963,0.45819,0.57414
random_1,5,4,0.38606,0.30051,0.56759,0.45453,0.0,0.39602,0.33675,0.59743,0.75933
random_1,5,5,0.27508,0.5872,0.50977,0.29557,0.39602,0.0,0.68004,0.45497,0.59065
random_1,5,6,0.52131,0.43032,0.84119,0.62963,0.33675,0.68004,0.0,0.70958,1.0
random_1,5,7,0.4384,0.75075,0.53253,0.45819,0.59743,0.45497,0.70958,0.0,0.87562
random_1,5,8,0.51443,0.96671,0.75487,0.57414,0.75933,0.59065,1.0,0.87562,0.0
random_2,1,0,0.0,0.32755,0.12422,0.29762,0.19883,0.27302,0.44689,0.0,0.0
random_2,1,1,0.32755,0.0,0.27205,0.48478,0.3935,0.67702,0.15652,0.0,0.0
random_2,1,2,0.12422,0.27205,0.0,0.31429,0.194,0.30612,0.38095,0.0,0.0
random_2,1,3,0.29762,0.48478,0.31429,0.0,0.29495,0.44286,0.8,0.0,0.0
random_2,1,4,0.19883,0.3935,0.194,0.29495,0.0,0.28333,0.5,0.0,0.0
random_2,1,5,0.27302,0.67702,0.30612,0.44286,0.28333,0.0,1.0,0.0,0.0
random_2,1,6,0.44689,0.15652,0.38095,0.8,0.5,1.0,0.0,0.0,0.0
random_2,1,7,0.0,0.0,0.0,0.0,0.0,0.0,0.0,0.0,0.0
random_2,1,8,0.0,0.0,0.0,0.0,0.0,0.0,0.0,0.0,0.0
random_2,2,0,0.0,0.23513,0.12361,0.17016,0.22437,0.14722,0.29136,0.39886,0.0
random_2,2,1,0.23513,0.0,0.19281,0.2343,0.29412,0.28652,0.34758,0.36364,0.0
random_2,2,2,0.12361,0.19281,0.0,0.1838,0.21436,0.17199,0.20663,0.33333,0.0
random_2,2,3,0.17016,0.2343,0.1838,0.0,0.28227,0.125,0.36364,0.55072,0.0
random_2,2,4,0.22437,0.29412,0.21436,0.28227,0.0,0.24487,0.44103,0.5,0.0
random_2,2,5,0.14722,0.28652,0.17199,0.125,0.24487,0.0,0.34848,0.58333,0.0
random_2,2,6,0.29136,0.34758,0.20663,0.36364,0.44103,0.34848,0.0,1.0,0.0
random_2,2,7,0.39886,0.36364,0.33333,0.55072,0.5,0.58333,1.0,0.0,0.0
random_2,2,8,0.0,0.0,0.0,0.0,0.0,0.0,0.0,0.0,0.0
random_2,3,0,0.0,0.20313,0.11893,0.17223,0.21363,0.11545,0.21589,0.34953,0.331
random_2,3,1,0.20313,0.0,0.17584,0.26846,0.21996,0.19143,0.27304,0.37336,0.41651
random_2,3,2,0.11893,0.17584,0.0,0.1909,0.22319,0.1251,0.16123,0.34002,0.32553
random_2,3,3,0.17223,0.26846,0.1909,0.0,0.17942,0.12367,0.33156,0.38,0.40667
random_2,3,4,0.21363,0.21996,0.22319,0.17942,0.0,0.21561,0.33333,0.36364,0.50505
random_2,3,5,0.11545,0.19143,0.1251,0.12367,0.21561,0.0,0.22768,0.34615,0.35165
random_2,3,6,0.21589,0.27304,0.16123,0.33156,0.33333,0.22768,0.0,0.57143,0.52381
random_2,3,7,0.34953,0.37336,0.34002,0.38,0.36364,0.34615,0.57143,0.0,1.0
random_2,3,8,0.331,0.41651,0.32553,0.40667,0.50505,0.35165,0.52381,1.0,0.0
random_2,4,0,0.0,0.3513,0.21315,0.29195,0.34378,0.15526,0.35116,0.46616,0.50775
random_2,4,1,0.3513,0.0,0.29186,0.44751,0.43522,0.30641,0.41164,0.57888,0.44595
random_2,4,2,0.21315,0.29186,0.0,0.28661,0.37953,0.16145,0.22381,0.49362,0.3898
random_2,4,3,0.29195,0.44751,0.28661,0.0,0.30461,0.20156,0.4788,0.46395,0.68895
random_2,4,4,0.34378,0.43522,0.37953,0.30461,0.0,0.32761,0.45606,0.57273,0.66182
random_2,4,5,0.15526,0.30641,0.16145,0.20156,0.32761,0.0,0.28086,0.4375,0.51333
random_2,4,6,0.35116,0.41164,0.22381,0.4788,0.45606,0.28086,0.0,0.655,0.57037
random_2,4,7,0.46616,0.57888,0.49362,0.46395,0.57273,0.4375,0.655,0.0,1.0
random_2,4,8,0.50775,0.44595,0.3898,0.68895,0.66182,0.51333,0.57037,1.0,0.0
random_2,5,0,0.0,0.55755,0.32531,0.43332,0.52083,0.28185,0.58723,0.62408,0.57616
random_2,5,1,0.55755,0.0,0.46974,0.65186,0.66108,0.51664,0.65397,0.86137,0.85728
random_2,5,2,0.32531,0.46974,0.0,0.4151,0.5843,0.3367,0.37028,0.70275,0.44739
random_2,5,3,0.43332,0.65186,0.4151,0.0,0.4396,0.32556,0.70344,0.62197,0.78322
random_2,5,4,0.52083,0.66108,0.5843,0.4396,0.0,0.51066,0.73658,0.78872,0.82569
random_2,5,5,0.28185,0.51664,0.3367,0.32556,0.51066,0.0,0.48822,0.60012,0.52288
random_2,5,6,0.58723,0.65397,0.37028,0.70344,0.73658,0.48822,0.0,0.89991,0.44077
random_2,5,7,0.62408,0.86137,0.70275,0.62197,0.78872,0.60012,0.89991,0.0,1.0
random_2,5,8,0.57616,0.85728,0.44739,0.78322,0.82569,0.52288,0.44077,1.0,0.0
random_3,1,0,0.0,0.36874,0.21411,0.14384,0.44,0.38769,0.0,0.0,0.0
random_3,1,1,0.36874,0.0,0.27802,0.4142,0.75,0.68571,0.0,0.0,0.0
random_3,1,2,0.21411,0.27802,0.0,0.23529,0.45385,0.50833,0.0,0.0,0.0
random_3,1,3,0.14384,0.4142,0.23529,0.0,0.46,0.33333,0.0,0.0,0.0
random_3,1,4,0.44,0.75,0.45385,0.46,0.0,1.0,0.0,0.0,0.0
random_3,1,5,0.38769,0.68571,0.50833,0.33333,1.0,0.0,0.0,0.0,0.0
random_3,1,6,0.0,0.0,0.0,0.0,0.0,0.0,0.0,0.0,0.0
random_3,1,7,0.0,0.0,0.0,0.0,0.0,0.0,0.0,0.0,0.0
random_3,1,8,0.0,0.0,0.0,0.0,0.0,0.0,0.0,0.0,0.0
random_3,2,0,0.0,0.14416,0.07817,0.07187,0.15905,0.09449,0.21014,0.22928,0.22779
random_3,2,1,0.14416,0.0,0.11202,0.13474,0.17245,0.13527,0.15495,0.225,0.19286
random_3,2,2,0.07817,0.11202,0.0,0.08992,0.14675,0.11073,0.21221,0.24101,0.26321
random_3,2,3,0.07187,0.13474,0.08992,0.0,0.19935,0.10233,0.20629,0.27692,0.2
random_3,2,4,0.15905,0.17245,0.14675,0.19935,0.0,0.1793,0.23602,0.1087,0.47826
random_3,2,5,0.09449,0.13527,0.11073,0.10233,0.1793,0.0,0.27841,0.28571,0.38961
random_3,2,6,0.21014,0.15495,0.21221,0.20629,0.23602,0.27841,0.0,0.5,0.5
random_3,2,7,0.22928,0.225,0.24101,0.27692,0.1087,0.28571,0.5,0.0,1.0
random_3,2,8,0.22779,0.19286,0.26321,0.2,0.47826,0.38961,0.5,1.0,0.0
random_3,3,0,0.0,0.26238,0.13099,0.10425,0.28383,0.13955,0.32651,0.42523,0.26958
random_3,3,1,0.26238,0.0,0.20452,0.22613,0.23203,0.24189,0.24638,0.39193,0.21824
random_3,3,2,0.13099,0.20452,0.0,0.11775,0.22792,0.19844,0.25141,0.40296,0.27412
random_3,3,3,0.10425,0.22613,0.11775,0.0,0.28695,0.14172,0.34211,0.41751,0.27823
random_3,3,4,0.28383,0.23203,0.22792,0.28695,0.0,0.24763,0.24036,0.23936,0.50451
random_3,3,5,0.13955,0.24189,0.19844,0.14172,0.24763,0.0,0.31355,0.34091,0.28662
random_3,3,6,0.32651,0.24638,0.25141,0.34211,0.24036,0.31355,0.0,0.70312,0.55804
random_3,3,7,0.42523,0.39193,0.40296,0.41751,0.23936,0.34091,0.70312,0.0,1.0
random_3,3,8,0.26958,0.21824,0.27412,0.27823,0.50451,0.28662,0.55804,1.0,0.0
random_3,4,0,0.0,0.47292,0.24417,0.14541,0.48577,0.20299,0.48374,0.48154,0.53601
random_3,4,1,0.47292,0.0,0.34875,0.3982,0.33619,0.43778,0.37567,0.60107,0.37193
random_3,4,2,0.24417,0.34875,0.0,0.18716,0.39661,0.30383,0.4636,0.55253,0.52083
random_3,4,3,0.14541,0.3982,0.18716,0.0,0.4458,0.18287,0.50499,0.57233,0.53704
random_3,4,4,0.48577,0.33619,0.39661,0.4458,0.0,0.37855,0.52976,0.40665,0.6785
random_3,4,5,0.20299,0.43778,0.30383,0.18287,0.37855,0.0,0.52561,0.56132,0.57017
random_3,4,6,0.48374,0.37567,0.4636,0.50499,0.52976,0.52561,0.0,0.80593,0.5283
random_3,4,7,0.48154,0.60107,0.55253,0.57233,0.40665,0.56132,0.80593,0.0,1.0
random_3,4,8,0.53601,0.37193,0.52083,0.53704,0.6785,0.57017,0.5283,1.0,0.0
random_3,5,0,0.0,0.63026,0.33237,0.19173,0.6167,0.21869,0.66217,0.53362,0.55276
random_3,5,1,0.63026,0.0,0.47595,0.5151,0.43483,0.59176,0.51186,0.75349,0.45606
random_3,5,2,0.33237,0.47595,0.0,0.23039,0.51879,0.41669,0.67384,0.53301,0.58203
random_3,5,3,0.19173,0.5151,0.23039,0.0,0.54802,0.25216,0.66697,0.68483,0.53161
random_3,5,4,0.6167,0.43483,0.51879,0.54802,0.0,0.51314,0.73265,0.56502,0.75423
random_3,5,5,0.21869,0.59176,0.41669,0.25216,0.51314,0.0,0.61322,0.67251,0.61881
random_3,5,6,0.66217,0.51186,0.67384,0.66697,0.73265,0.61322,0.0,0.92105,0.5848
random_3,5,7,0.53362,0.75349,0.53301,0.68483,0.56502,0.67251,0.92105,0.0,1.0
random_3,5,8,0.55276,0.45606,0.58203,0.53161,0.75423,0.61881,0.5848,1.0,0.0
random_4,1,0,0.0,0.10256,0.10781,0.11944,0.12821,0.18182,0.0,0.26667,0.0
random_4,1,1,0.10256,0.0,0.19071,0.22593,0.22222,0.5,0.0,0.5,0.0
random_4,1,2,0.10781,0.19071,0.0,0.09687,0.15465,0.2642,0.0,0.17898,0.0
random_4,1,3,0.11944,0.22593,0.09687,0.0,0.1963,0.34286,0.0,0.3,0.0
random_4,1,4,0.12821,0.22222,0.15465,0.1963,0.0,0.5,0.0,0.5,0.0
random_4,1,5,0.18182,0.5,0.2642,0.34286,0.5,0.0,0.0,1.0,0.0
random_4,1,6,0.0,0.0,0.0,0.0,0.0,0.0,0.0,0.0,0.0
random_4,1,7,0.26667,0.5,0.17898,0.3,0.5,1.0,0.0,0.0,0.0
random_4,1,8,0.0,0.0,0.0,0.0,0.0,0.0,0.0,0.0,0.0
random_4,2,0,0.0,0.19222,0.20629,0.22397,0.17986,0.30649,0.0,0.56805,0.0
random_4,2,1,0.19222,0.0,0.12626,0.18534,0.31115,0.34382,0.0,0.54545,0.0
random_4,2,2,0.20629,0.12626,0.0,0.19089,0.32963,0.39286,0.0,0.50758,0.0
random_4,2,3,0.22397,0.18534,0.19089,0.0,0.27636,0.37088,0.0,0.66964,0.0
random_4,2,4,0.17986,0.31115,0.32963,0.27636,0.0,0.32407,0.0,0.83333,0.0
random_4,2,5,0.30649,0.34382,0.39286,0.37088,0.32407,0.0,0.0,1.0,0.0
random_4,2,6,0.0,0.0,0.0,0.0,0.0,0.0,0.0,0.0,0.0
random_4,2,7,0.56805,0.54545,0.50758,0.66964,0.83333,1.0,0.0,0.0,0.0
random_4,2,8,0.0,0.0,0.0,0.0,0.0,0.0,0.0,0.0,0.0
random_4,3,0,0.0,0.05082,0.07642,0.07475,0.07723,0.06721,0.21332,0.2276,0.17673
random_4,3,1,0.05082,0.0,0.06647,0.0571,0.09041,0.06823,0.24242,0.24242,0.21296
random_4,3,2,0.07642,0.06647,0.0,0.08393,0.09196,0.10319,0.23553,0.20921,0.17733
random_4,3,3,0.07475,0.0571,0.08393,0.0,0.08914,0.07407,0.20149,0.23134,0.19633
random_4,3,4,0.07723,0.09041,0.09196,0.08914,0.0,0.08594,0.25,0.34375,0.27778
random_4,3,5,0.06721,0.06823,0.10319,0.07407,0.08594,0.0,0.2625,0.2,0.23864
random_4,3,6,0.21332,0.24242,0.23553,0.20149,0.25,0.2625,0.0,1.0,0.66667
random_4,3,7,0.2276,0.24242,0.20921,0.23134,0.34375,0.2,1.0,0.0,0.66667
random_4,3,8,0.17673,0.21296,0.17733,0.19633,0.27778,0.23864,0.66667,0.66667,0.0
random_4,4,0,0.0,0.08999,0.1376,0.11693,0.12105,0.11429,0.39099,0.34656,0.3561
random_4,4,1,0.08999,0.0,0.12442,0.06564,0.15411,0.10711,0.35714,0.28333,0.32143
random_4,4,2,0.1376,0.12442,0.0,0.16911,0.14169,0.15107,0.32999,0.28882,0.34231
random_4,4,3,0.11693,0.06564,0.16911,0.0,0.16376,0.10568,0.34562,0.26129,0.36636
random_4,4,4,0.12105,0.15411,0.14169,0.16376,0.0,0.15887,0.39474,0.34008,0.44737
random_4,4,5,0.11429,0.10711,0.15107,0.10568,0.15887,0.0,0.32407,0.31624,0.38889
random_4,4,6,0.39099,0.35714,0.32999,0.34562,0.39474,0.32407,0.0,0.4,1.0
random_4,4,7,0.34656,0.28333,0.28882,0.26129,0.34008,0.31624,0.4,0.0,0.8
random_4,4,8,0.3561,0.32143,0.34231,0.36636,0.44737,0.38889,1.0,0.8,0.0
random_4,5,0,0.0,0.1609,0.25613,0.20692,0.17927,0.21772,0.66106,0.52397,0.58613
random_4,5,1,0.1609,0.0,0.25256,0.11545,0.18969,0.20216,0.61622,0.41017,0.48649
random_4,5,2,0.25613,0.25256,0.0,0.32345,0.29503,0.29708,0.5678,0.45613,0.43768
random_4,5,3,0.20692,0.11545,0.32345,0.0,0.21186,0.15661,0.6,0.34636,0.49728
random_4,5,4,0.17927,0.18969,0.29503,0.21186,0.0,0.23319,0.63265,0.42857,0.54286
random_4,5,5,0.21772,0.20216,0.29708,0.15661,0.23319,0.0,0.46869,0.35172,0.5526
random_4,5,6,0.66106,0.61622,0.5678,0.6,0.63265,0.46869,0.0,0.58929,1.0
random_4,5,7,0.52397,0.41017,0.45613,0.34636,0.42857,0.35172,0.58929,0.0,0.69841
random_4,5,8,0.58613,0.48649,0.43768,0.49728,0.54286,0.5526,1.0,0.69841,0.0
random_5,1,0,0.0,0.56073,0.31763,0.4093,0.4767,0.4098,0.0,0.0,0.0
random_5,1,1,0.56073,0.0,0.82833,0.80287,0.72581,1.0,0.0,0.0,0.0
random_5,1,2,0.31763,0.82833,0.0,0.29376,0.60894,0.60611,0.0,0.0,0.0
random_5,1,3,0.4093,0.80287,0.29376,0.0,0.65472,0.60215,0.0,0.0,0.0
random_5,1,4,0.4767,0.72581,0.60894,0.65472,0.0,0.82258,0.0,0.0,0.0
random_5,1,5,0.4098,1.0,0.60611,0.60215,0.82258,0.0,0.0,0.0,0.0
random_5,1,6,0.0,0.0,0.0,0.0,0.0,0.0,0.0,0.0,0.0
random_5,1,7,0.0,0.0,0.0,0.0,0.0,0.0,0.0,0.0,0.0
random_5,1,8,0.0,0.0,0.0,0.0,0.0,0.0,0.0,0.0,0.0
random_5,2,0,0.0,0.31322,0.20023,0.21074,0.37738,0.17582,0.5607,0.0,0.0
random_5,2,1,0.31322,0.0,0.42716,0.4355,0.34615,0.34272,0.51538,0.0,0.0
random_5,2,2,0.20023,0.42716,0.0,0.13189,0.48178,0.28654,0.59593,0.0,0.0
random_5,2,3,0.21074,0.4355,0.13189,0.0,0.4697,0.34609,0.625,0.0,0.0
random_5,2,4,0.37738,0.34615,0.48178,0.4697,0.0,0.41883,1.0,0.0,0.0
random_5,2,5,0.17582,0.34272,0.28654,0.34609,0.41883,0.0,0.625,0.0,0.0
random_5,2,6,0.5607,0.51538,0.59593,0.625,1.0,0.625,0.0,0.0,0.0
random_5,2,7,0.0,0.0,0.0,0.0,0.0,0.0,0.0,0.0,0.0
random_5,2,8,0.0,0.0,0.0,0.0,0.0,0.0,0.0,0.0,0.0
random_5,3,0,0.0,0.18588,0.11256,0.08845,0.17748,0.08306,0.2889,0.31868,0.24286
random_5,3,1,0.18588,0.0,0.24085,0.19828,0.14498,0.19002,0.25643,0.24766,0.23586
random_5,3,2,0.11256,0.24085,0.0,0.06249,0.20324,0.13012,0.29926,0.3629,0.18456
random_5,3,3,0.08845,0.19828,0.06249,0.0,0.19561,0.11153,0.29427,0.3364,0.21549
random_5,3,4,0.17748,0.14498,0.20324,0.19561,0.0,0.1495,0.32095,0.10976,0.31504
random_5,3,5,0.08306,0.19002,0.13012,0.11153,0.1495,0.0,0.33482,0.27273,0.30907
random_5,3,6,0.2889,0.25643,0.29926,0.29427,0.32095,0.33482,0.0,1.0,0.45
random_5,3,7,0.31868,0.24766,0.3629,0.3364,0.10976,0.27273,1.0,0.0,0.75
random_5,3,8,0.24286,0.23586,0.18456,0.21549,0.31504,0.30907,0.45,0.75,0.0
random_5,4,0,0.0,0.41619,0.27786,0.19539,0.35218,0.20919,0.56858,0.55719,0.55801
random_5,4,1,0.41619,0.0,0.4782,0.43378,0.27016,0.47347,0.47495,0.26683,0.471
random_5,4,2,0.27786,0.4782,0.0,0.13622,0.43287,0.26734,0.52962,0.48223,0.35958
random_5,4,3,0.19539,0.43378,0.13622,0.0,0.40741,0.21938,0.53878,0.50816,0.46531
random_5,4,4,0.35218,0.27016,0.43287,0.40741,0.0,0.33553,0.64951,0.56078,0.70275
random_5,4,5,0.20919,0.47347,0.26734,0.21938,0.33553,0.0,0.62075,0.58751,0.63683
random_5,4,6,0.56858,0.47495,0.52962,0.53878,0.64951,0.62075,0.0,1.0,1.0
random_5,4,7,0.55719,0.26683,0.48223,0.50816,0.56078,0.58751,1.0,0.0,0.7619
random_5,4,8,0.55801,0.471,0.35958,0.46531,0.70275,0.63683,1.0,0.7619,0.0
random_5,5,0,0.0,0.60574,0.41941,0.21742,0.52254,0.25138,0.6364,0.6352,0.62142
random_5,5,1,0.60574,0.0,0.71668,0.66573,0.41671,0.71575,0.64634,0.60778,0.66746
random_5,5,2,0.41941,0.71668,0.0,0.24371,0.66312,0.44724,0.65879,0.40005,0.30436
random_5,5,3,0.21742,0.66573,0.24371,0.0,0.60476,0.30661,0.65748,0.58682,0.51028
random_5,5,4,0.52254,0.41671,0.66312,0.60476,0.0,0.47887,0.98855,0.83107,0.82921
random_5,5,5,0.25138,0.71575,0.44724,0.30661,0.47887,0.0,0.7096,0.64165,0.64917
random_5,5,6,0.6364,0.64634,0.65879,0.65748,0.98855,0.7096,0.0,1.0,0.7874
random_5,5,7,0.6352,0.60778,0.40005,0.58682,0.83107,0.64165,1.0,0.0,0.57579
random_5,5,8,0.62142,0.66746,0.30436,0.51028,0.82921,0.64917,0.7874,0.57579,0.0
random_6,1,0,0.0,0.58858,0.25375,0.26039,0.36468,0.45281,0.0,0.0,0.0
random_6,1,1,0.58858,0.0,0.42,0.69414,1.0,0.88421,0.0,0.0,0.0
random_6,1,2,0.25375,0.42,0.0,0.22669,0.49474,0.55263,0.0,0.0,0.0
random_6,1,3,0.26039,0.69414,0.22669,0.0,0.59678,0.57547,0.0,0.0,0.0
random_6,1,4,0.36468,1.0,0.49474,0.59678,0.0,0.89404,0.0,0.0,0.0
random_6,1,5,0.45281,0.88421,0.55263,0.57547,0.89404,0.0,0.0,0.0,0.0
random_6,1,6,0.0,0.0,0.0,0.0,0.0,0.0,0.0,0.0,0.0
random_6,1,7,0.0,0.0,0.0,0.0,0.0,0.0,0.0,0.0,0.0
random_6,1,8,0.0,0.0,0.0,0.0,0.0,0.0,0.0,0.0,0.0
random_6,2,0,0.0,0.29564,0.12536,0.1585,0.24487,0.17924,0.41591,0.0,0.0
random_6,2,1,0.29564,0.0,0.33378,0.37494,0.43365,0.28988,0.02429,0.0,0.0
random_6,2,2,0.12536,0.33378,0.0,0.13838,0.31373,0.20112,0.45701,0.0,0.0
random_6,2,3,0.1585,0.37494,0.13838,0.0,0.35694,0.28825,0.555,0.0,0.0
random_6,2,4,0.24487,0.43365,0.31373,0.35694,0.0,0.52242,1.0,0.0,0.0
random_6,2,5,0.17924,0.28988,0.20112,0.28825,0.52242,0.0,0.57143,0.0,0.0
random_6,2,6,0.41591,0.02429,0.45701,0.555,1.0,0.57143,0.0,0.0,0.0
random_6,2,7,0.0,0.0,0.0,0.0,0.0,0.0,0.0,0.0,0.0
random_6,2,8,0.0,0.0,0.0,0.0,0.0,0.0,0.0,0.0,0.0
random_6,3,0,0.0,0.21882,0.08485,0.09524,0.10404,0.11655,0.22671,0.30387,0.24224
random_6,3,1,0.21882,0.0,0.23921,0.23121,0.30725,0.18954,0.17436,0.27273,0.24173
random_6,3,2,0.08485,0.23921,0.0,0.08481,0.15838,0.11322,0.22471,0.28272,0.29955
random_6,3,3,0.09524,0.23121,0.08481,0.0,0.14069,0.14367,0.16675,0.33267,0.27551
random_6,3,4,0.10404,0.30725,0.15838,0.14069,0.0,0.1683,0.32381,0.42857,0.40179
random_6,3,5,0.11655,0.18954,0.11322,0.14367,0.1683,0.0,0.25156,0.37969,0.32812
random_6,3,6,0.22671,0.17436,0.22471,0.16675,0.32381,0.25156,0.0,0.75,0.33
random_6,3,7,0.30387,0.27273,0.28272,0.33267,0.42857,0.37969,0.75,0.0,1.0
random_6,3,8,0.24224,0.24173,0.29955,0.27551,0.40179,0.32812,0.33,1.0,0.0
random_6,4,0,0.0,0.5256,0.20497,0.17942,0.1878,0.22559,0.55544,0.38201,0.62316
random_6,4,1,0.5256,0.0,0.57411,0.54067,0.58469,0.60561,0.54134,0.63365,0.50656
random_6,4,2,0.20497,0.57411,0.0,0.15229,0.25274,0.2843,0.60857,0.29346,0.73512
random_6,4,3,0.17942,0.54067,0.15229,0.0,0.12891,0.29159,0.4807,0.37616,0.68797
random_6,4,4,0.1878,0.58469,0.25274,0.12891,0.0,0.27055,0.5232,0.461,0.77935
random_6,4,5,0.22559,0.60561,0.2843,0.29159,0.27055,0.0,0.62988,0.44553,0.83537
random_6,4,6,0.55544,0.54134,0.60857,0.4807,0.5232,0.62988,0.0,0.81579,0.89474
random_6,4,7,0.38201,0.63365,0.29346,0.37616,0.461,0.44553,0.81579,0.0,1.0
random_6,4,8,0.62316,0.50656,0.73512,0.68797,0.77935,0.83537,0.89474,1.0,0.0
random_6,5,0,0.0,0.73722,0.29162,0.26411,0.21943,0.35857,0.78959,0.4305,0.63063
random_6,5,1,0.73722,0.0,0.8005,0.76637,0.76692,0.8658,0.7417,0.7777,0.83451
random_6,5,2,0.29162,0.8005,0.0,0.19327,0.28996,0.36551,0.9027,0.24188,0.71211
random_6,5,3,0.26411,0.76637,0.19327,0.0,0.17577,0.40841,0.78744,0.35596,0.61594
random_6,5,4,0.21943,0.76692,0.28996,0.17577,0.0,0.45976,0.76228,0.41282,0.6166
random_6,5,5,0.35857,0.8658,0.36551,0.40841,0.45976,0.0,0.86238,0.51324,0.84746
random_6,5,6,0.78959,0.7417,0.9027,0.78744,0.76228,0.86238,0.0,1.0,0.91097
random_6,5,7,0.4305,0.7777,0.24188,0.35596,0.41282,0.51324,1.0,0.0,0.63241
random_6,5,8,0.63063,0.83451,0.71211,0.61594,0.6166,0.84746,0.91097,0.63241,0.0
random_7,1,0,0.0,0.33571,0.15373,0.19048,0.26429,0.125,0.0,0.40385,0.0
random_7,1,1,0.33571,0.0,0.32174,0.42593,0.44444,0.38333,0.0,1.0,0.0
random_7,1,2,0.15373,0.32174,0.0,0.16747,0.28696,0.16018,0.0,0.40134,0.0
random_7,1,3,0.19048,0.42593,0.16747,0.0,0.44444,0.21795,0.0,0.64286,0.0
random_7,1,4,0.26429,0.44444,0.28696,0.44444,0.0,0.31667,0.0,1.0,0.0
random_7,1,5,0.125,0.38333,0.16018,0.21795,0.31667,0.0,0.0,0.65625,0.0
random_7,1,6,0.0,0.0,0.0,0.0,0.0,0.0,0.0,0.0,0.0
random_7,1,7,0.40385,1.0,0.40134,0.64286,1.0,0.65625,0.0,0.0,0.0
random_7,1,8,0.0,0.0,0.0,0.0,0.0,0.0,0.0,0.0,0.0
random_7,2,0,0.0,0.24016,0.25756,0.25458,0.41795,0.19661,0.0,0.61046,0.0
random_7,2,1,0.24016,0.0,0.21796,0.3153,0.50949,0.26483,0.0,0.5242,0.0
random_7,2,2,0.25756,0.21796,0.0,0.27362,0.44643,0.26935,0.0,0.59184,0.0
random_7,2,3,0.25458,0.3153,0.27362,0.0,0.56044,0.31839,0.0,0.74026,0.0
random_7,2,4,0.41795,0.50949,0.44643,0.56044,0.0,0.42663,0.0,1.0,0.0
random_7,2,5,0.19661,0.26483,0.26935,0.31839,0.42663,0.0,0.0,0.71505,0.0
random_7,2,6,0.0,0.0,0.0,0.0,0.0,0.0,0.0,0.0,0.0
random_7,2,7,0.61046,0.5242,0.59184,0.74026,1.0,0.71505,0.0,0.0,0.0
random_7,2,8,0.0,0.0,0.0,0.0,0.0,0.0,0.0,0.0,0.0
random_7,3,0,0.0,0.09501,0.09502,0.12124,0.1128,0.07351,0.33685,0.24314,0.22277
random_7,3,1,0.09501,0.0,0.07259,0.09854,0.14181,0.079,0.33482,0.24107,0.2967
random_7,3,2,0.09502,0.07259,0.0,0.09596,0.13216,0.0977,0.29968,0.20833,0.27083
random_7,3,3,0.12124,0.09854,0.09596,0.0,0.1813,0.12887,0.35606,0.22436,0.30556
random_7,3,4,0.1128,0.14181,0.13216,0.1813,0.0,0.10924,0.42857,0.30159,0.40179
random_7,3,5,0.07351,0.079,0.0977,0.12887,0.10924,0.0,0.33929,0.23469,0.3022
random_7,3,6,0.33685,0.33482,0.29968,0.35606,0.42857,0.33929,0.0,0.75,1.0
random_7,3,7,0.24314,0.24107,0.20833,0.22436,0.30159,0.23469,0.75,0.0,0.6
random_7,3,8,0.22277,0.2967,0.27083,0.30556,0.40179,0.3022,1.0,0.6,0.0
random_7,4,0,0.0,0.14044,0.15737,0.17391,0.1482,0.11576,0.41478,0.22107,0.37873
random_7,4,1,0.14044,0.0,0.12514,0.19395,0.12412,0.12649,0.38393,0.20356,0.42092
random_7,4,2,0.15737,0.12514,0.0,0.16331,0.16473,0.14403,0.33239,0.17457,0.44744
random_7,4,3,0.17391,0.19395,0.16331,0.0,0.19239,0.19943,0.37143,0.14092,0.5051
random_7,4,4,0.1482,0.12412,0.16473,0.19239,0.0,0.12618,0.38462,0.1934,0.57692
random_7,4,5,0.11576,0.12649,0.14403,0.19943,0.12618,0.0,0.41279,0.2103,0.46096
random_7,4,6,0.41478,0.38393,0.33239,0.37143,0.38462,0.41279,0.0,0.40909,1.0
random_7,4,7,0.22107,0.20356,0.17457,0.14092,0.1934,0.2103,0.40909,0.0,0.55556
random_7,4,8,0.37873,0.42092,0.44744,0.5051,0.57692,0.46096,1.0,0.55556,0.0
random_7,5,0,0.0,0.27904,0.29336,0.27366,0.2399,0.23874,0.77531,0.42648,0.52867
random_7,5,1,0.27904,0.0,0.26307,0.33661,0.14958,0.28129,0.75897,0.45074,0.625
random_7,5,2,0.29336,0.26307,0.0,0.28076,0.21242,0.29523,0.59681,0.35605,0.53337
random_7,5,3,0.27366,0.33661,0.28076,0.0,0.27525,0.32747,0.71614,0.31314,0.64937
random_7,5,4,0.2399,0.14958,0.21242,0.27525,0.0,0.21883,0.69565,0.38728,0.56812
random_7,5,5,0.23874,0.28129,0.29523,0.32747,0.21883,0.0,0.74516,0.43322,0.63508
random_7,5,6,0.77531,0.75897,0.59681,0.71614,0.69565,0.74516,0.0,0.68889,1.0
random_7,5,7,0.42648,0.45074,0.35605,0.31314,0.38728,0.43322,0.68889,0.0,0.63636
random_7,5,8,0.52867,0.625,0.53337,0.64937,0.56812,0.63508,1.0,0.63636,0.0
random_8,1,0,0.0,0.5858,0.32144,0.3358,0.53254,0.30811,0.0,0.0,0.0
random_8,1,1,0.5858,0.0,0.49595,0.75321,1.0,0.63874,0.0,0.0,0.0
random_8,1,2,0.32144,0.49595,0.0,0.36589,0.49494,0.39784,0.0,0.0,0.0
random_8,1,3,0.3358,0.75321,0.36589,0.0,0.70192,0.45517,0.0,0.0,0.0
random_8,1,4,0.53254,1.0,0.49494,0.70192,0.0,0.65522,0.0,0.0,0.0
random_8,1,5,0.30811,0.63874,0.39784,0.45517,0.65522,0.0,0.0,0.0,0.0
random_8,1,6,0.0,0.0,0.0,0.0,0.0,0.0,0.0,0.0,0.0
random_8,1,7,0.0,0.0,0.0,0.0,0.0,0.0,0.0,0.0,0.0
random_8,1,8,0.0,0.0,0.0,0.0,0.0,0.0,0.0,0.0,0.0
random_8,2,0,0.0,0.11909,0.11137,0.10547,0.2148,0.07588,0.34635,0.0,0.0
random_8,2,1,0.11909,0.0,0.13723,0.09952,0.20317,0.12715,0.42667,0.0,0.0
random_8,2,2,0.11137,0.13723,0.0,0.07596,0.23907,0.12802,0.36508,0.0,0.0
random_8,2,3,0.10547,0.09952,0.07596,0.0,0.23469,0.11176,0.34524,0.0,0.0
random_8,2,4,0.2148,0.20317,0.23907,0.23469,0.0,0.29132,1.0,0.0,0.0
random_8,2,5,0.07588,0.12715,0.12802,0.11176,0.29132,0.0,0.43025,0.0,0.0
random_8,2,6,0.34635,0.42667,0.36508,0.34524,1.0,0.43025,0.0,0.0,0.0
random_8,2,7,0.0,0.0,0.0,0.0,0.0,0.0,0.0,0.0,0.0
random_8,2,8,0.0,0.0,0.0,0.0,0.0,0.0,0.0,0.0,0.0
random_8,3,0,0.0,0.09228,0.10081,0.09272,0.13766,0.06759,0.24574,0.32774,0.23887
random_8,3,1,0.09228,0.0,0.12269,0.08599,0.15253,0.10674,0.24434,0.37299,0.25368
random_8,3,2,0.10081,0.12269,0.0,0.0969,0.15803,0.10504,0.24029,0.30704,0.27222
random_8,3,3,0.09272,0.08599,0.0969,0.0,0.1676,0.06379,0.244,0.33692,0.28714
random_8,3,4,0.13766,0.15253,0.15803,0.1676,0.0,0.16328,0.36257,0.42857,0.17763
random_8,3,5,0.06759,0.10674,0.10504,0.06379,0.16328,0.0,0.26591,0.33829,0.2776
random_8,3,6,0.24574,0.24434,0.24029,0.244,0.36257,0.26591,0.0,0.75,0.6
random_8,3,7,0.32774,0.37299,0.30704,0.33692,0.42857,0.33829,0.75,0.0,1.0
random_8,3,8,0.23887,0.25368,0.27222,0.28714,0.17763,0.2776,0.6,1.0,0.0
random_8,4,0,0.0,0.16466,0.22254,0.21099,0.25826,0.13839,0.40247,0.44645,0.48453
random_8,4,1,0.16466,0.0,0.22097,0.17095,0.1859,0.19613,0.34098,0.42903,0.39225
random_8,4,2,0.22254,0.22097,0.0,0.19254,0.25241,0.21792,0.26298,0.33456,0.52381
random_8,4,3,0.21099,0.17095,0.19254,0.0,0.29051,0.1537,0.24376,0.38444,0.56423
random_8,4,4,0.25826,0.1859,0.25241,0.29051,0.0,0.26139,0.49286,0.55,0.27273
random_8,4,5,0.13839,0.19613,0.21792,0.1537,0.26139,0.0,0.40565,0.37256,0.54267
random_8,4,6,0.40247,0.34098,0.26298,0.24376,0.49286,0.40565,0.0,0.4,0.85714
random_8,4,7,0.44645,0.42903,0.33456,0.38444,0.55,0.37256,0.4,0.0,1.0
random_8,4,8,0.48453,0.39225,0.52381,0.56423,0.27273,0.54267,0.85714,1.0,0.0
random_8,5,0,0.0,0.30541,0.42422,0.38123,0.42651,0.28075,0.76563,0.4082,0.67541
random_8,5,1,0.30541,0.0,0.46296,0.34994,0.28619,0.40376,0.71258,0.44101,0.56501
random_8,5,2,0.42422,0.46296,0.0,0.37466,0.50891,0.46765,0.58198,0.36983,0.73093
random_8,5,3,0.38123,0.34994,0.37466,0.0,0.50588,0.32216,0.53315,0.37846,0.72978
random_8,5,4,0.42651,0.28619,0.50891,0.50588,0.0,0.52009,0.90607,0.60315,0.32216
random_8,5,5,0.28075,0.40376,0.46765,0.32216,0.52009,0.0,0.78902,0.39252,0.75553
random_8,5,6,0.76563,0.71258,0.58198,0.53315,0.90607,0.78902,0.0,0.65792,1.0
random_8,5,7,0.4082,0.44101,0.36983,0.37846,0.60315,0.39252,0.65792,0.0,0.90865
random_8,5,8,0.67541,0.56501,0.73093,0.72978,0.32216,0.75553,1.0,0.90865,0.0
random_9,1,0,0.0,0.54799,0.23006,0.38349,0.54548,0.46947,0.0,0.0,0.0
random_9,1,1,0.54799,0.0,0.51013,0.6568,1.0,0.87949,0.0,0.0,0.0
random_9,1,2,0.23006,0.51013,0.0,0.29165,0.60183,0.47905,0.0,0.0,0.0
random_9,1,3,0.38349,0.6568,0.29165,0.0,0.56049,0.71538,0.0,0.0,0.0
random_9,1,4,0.54548,1.0,0.60183,0.56049,0.0,0.71538,0.0,0.0,0.0
random_9,1,5,0.46947,0.87949,0.47905,0.71538,0.71538,0.0,0.0,0.0,0.0
random_9,1,6,0.0,0.0,0.0,0.0,0.0,0.0,0.0,0.0,0.0
random_9,1,7,0.0,0.0,0.0,0.0,0.0,0.0,0.0,0.0,0.0
random_9,1,8,0.0,0.0,0.0,0.0,0.0,0.0,0.0,0.0,0.0
random_9,2,0,0.0,0.73478,0.40245,0.40185,0.71959,0.35712,0.0,0.0,0.0
random_9,2,1,0.73478,0.0,0.73457,0.8782,1.0,0.78962,0.0,0.0,0.0
random_9,2,2,0.40245,0.73457,0.0,0.34749,0.92824,0.35427,0.0,0.0,0.0
random_9,2,3,0.40185,0.8782,0.34749,0.0,0.84338,0.40607,0.0,0.0,0.0
random_9,2,4,0.71959,1.0,0.92824,0.84338,0.0,0.86255,0.0,0.0,0.0
random_9,2,5,0.35712,0.78962,0.35427,0.40607,0.86255,0.0,0.0,0.0,0.0
random_9,2,6,0.0,0.0,0.0,0.0,0.0,0.0,0.0,0.0,0.0
random_9,2,7,0.0,0.0,0.0,0.0,0.0,0.0,0.0,0.0,0.0
random_9,2,8,0.0,0.0,0.0,0.0,0.0,0.0,0.0,0.0,0.0
random_9,3,0,0.0,0.16478,0.09249,0.10383,0.1832,0.08342,0.12484,0.34313,0.26248
random_9,3,1,0.16478,0.0,0.16813,0.16364,0.21742,0.14973,0.15691,0.36702,0.33633
random_9,3,2,0.09249,0.16813,0.0,0.04764,0.15587,0.09359,0.16116,0.29399,0.26309
random_9,3,3,0.10383,0.16364,0.04764,0.0,0.19733,0.09394,0.15882,0.31538,0.27143
random_9,3,4,0.1832,0.21742,0.15587,0.19733,0.0,0.20455,0.29091,0.61364,0.52597
random_9,3,5,0.08342,0.14973,0.09359,0.09394,0.20455,0.0,0.14631,0.36364,0.27273
random_9,3,6,0.12484,0.15691,0.16116,0.15882,0.29091,0.14631,0.0,0.5,0.42857
random_9,3,7,0.34313,0.36702,0.29399,0.31538,0.61364,0.36364,0.5,0.0,1.0
random_9,3,8,0.26248,0.33633,0.26309,0.27143,0.52597,0.27273,0.42857,1.0,0.0
random_9,4,0,0.0,0.34131,0.1758,0.18854,0.31065,0.13392,0.32828,0.41264,0.5276
random_9,4,1,0.34131,0.0,0.33105,0.32719,0.30741,0.33283,0.27023,0.52315,0.61111
random_9,4,2,0.1758,0.33105,0.0,0.08188,0.23367,0.177,0.28015,0.3414,0.52502
random_9,4,3,0.18854,0.32719,0.08188,0.0,0.28794,0.17784,0.27215,0.32753,0.55335
random_9,4,4,0.31065,0.30741,0.23367,0.28794,0.0,0.32657,0.3666,0.42279,0.79412
random_9,4,5,0.13392,0.33283,0.177,0.17784,0.32657,0.0,0.35504,0.43929,0.46978
random_9,4,6,0.32828,0.27023,0.28015,0.27215,0.3666,0.35504,0.0,0.6,0.75
random_9,4,7,0.41264,0.52315,0.3414,0.32753,0.42279,0.43929,0.6,0.0,1.0
random_9,4,8,0.5276,0.61111,0.52502,0.55335,0.79412,0.46978,0.75,1.0,0.0
random_9,5,0,0.0,0.66006,0.34864,0.36328,0.40079,0.28698,0.58903,0.45322,0.72586
random_9,5,1,0.66006,0.0,0.64275,0.60653,0.50026,0.62229,0.49677,0.72041,1.0
random_9,5,2,0.34864,0.64275,0.0,0.16599,0.30693,0.3365,0.51653,0.39242,0.66854
random_9,5,3,0.36328,0.60653,0.16599,0.0,0.41238,0.34069,0.5068,0.32466,0.83079
random_9,5,4,0.40079,0.50026,0.30693,0.41238,0.0,0.42358,0.50275,0.47676,0.75615
random_9,5,5,0.28698,0.62229,0.3365,0.34069,0.42358,0.0,0.61793,0.42066,0.58811
random_9,5,6,0.58903,0.49677,0.51653,0.5068,0.50275,0.61793,0.0,0.62971,0.88527
random_9,5,7,0.45322,0.72041,0.39242,0.32466,0.47676,0.42066,0.62971,0.0,0.80364
random_9,5,8,0.72586,1.0,0.66854,0.83079,0.75615,0.58811,0.88527,0.80364,0.0
random_10,1,0,0.0,0.15143,0.06908,0.05496,0.13267,0.116,0.16667,0.22333,0.0
random_10,1,1,0.15143,0.0,0.18049,0.18961,0.27381,0.28571,0.5,0.5,0.0
random_10,1,2,0.06908,0.18049,0.0,0.05295,0.10061,0.12729,0.18856,0.21107,0.0
random_10,1,3,0.05496,0.18961,0.05295,0.0,0.11371,0.13378,0.28696,0.27391,0.0
random_10,1,4,0.13267,0.27381,0.10061,0.11371,0.0,0.23438,0.45,0.45,0.0
random_10,1,5,0.116,0.28571,0.12729,0.13378,0.23438,0.0,0.4,0.225,0.0
random_10,1,6,0.16667,0.5,0.18856,0.28696,0.45,0.4,0.0,1.0,0.0
random_10,1,7,0.22333,0.5,0.21107,0.27391,0.45,0.225,1.0,0.0,0.0
random_10,1,8,0.0,0.0,0.0,0.0,0.0,0.0,0.0,0.0,0.0
random_10,2,0,0.0,0.13367,0.08635,0.09051,0.15438,0.10934,0.33478,0.25201,0.0
random_10,2,1,0.13367,0.0,0.11717,0.14482,0.205,0.17024,0.3,0.29773,0.0
random_10,2,2,0.08635,0.11717,0.0,0.08043,0.1289,0.12257,0.30568,0.28384,0.0
random_10,2,3,0.09051,0.14482,0.08043,0.0,0.15327,0.13088,0.33258,0.27731,0.0
random_10,2,4,0.15438,0.205,0.1289,0.15327,0.0,0.20168,0.32143,0.38125,0.0
random_10,2,5,0.10934,0.17024,0.12257,0.13088,0.20168,0.0,0.44118,0.21765,0.0
random_10,2,6,0.33478,0.3,0.30568,0.33258,0.32143,0.44118,0.0,1.0,0.0
random_10,2,7,0.25201,0.29773,0.28384,0.27731,0.38125,0.21765,1.0,0.0,0.0
random_10,2,8,0.0,0.0,0.0,0.0,0.0,0.0,0.0,0.0,0.0
random_10,3,0,0.0,0.17983,0.11286,0.09452,0.18409,0.13062,0.38119,0.32011,0.32643
random_10,3,1,0.17983,0.0,0.17073,0.19329,0.1642,0.19051,0.35948,0.47059,0.46078
random_10,3,2,0.11286,0.17073,0.0,0.08301,0.18733,0.16076,0.36415,0.37722,0.3296
random_10,3,3,0.09452,0.19329,0.08301,0.0,0.20129,0.13862,0.39048,0.34286,0.27143
random_10,3,4,0.18409,0.1642,0.18733,0.20129,0.0,0.24045,0.31228,0.50526,0.53684
random_10,3,5,0.13062,0.19051,0.16076,0.13862,0.24045,0.0,0.41818,0.29697,0.4
random_10,3,6,0.38119,0.35948,0.36415,0.39048,0.31228,0.41818,0.0,1.0,1.0
random_10,3,7,0.32011,0.47059,0.37722,0.34286,0.50526,0.29697,1.0,0.0,0.75
random_10,3,8,0.32643,0.46078,0.3296,0.27143,0.53684,0.4,1.0,0.75,0.0
random_10,4,0,0.0,0.22651,0.15288,0.13333,0.25504,0.13378,0.42299,0.35778,0.48243
random_10,4,1,0.22651,0.0,0.22483,0.22958,0.27476,0.22924,0.44655,0.44052,0.53793
random_10,4,2,0.15288,0.22483,0.0,0.10233,0.22621,0.16734,0.33259,0.38668,0.48035
random_10,4,3,0.13333,0.22958,0.10233,0.0,0.26324,0.16258,0.42724,0.39103,0.38483
random_10,4,4,0.25504,0.27476,0.22621,0.26324,0.0,0.28889,0.2069,0.45858,0.68025
random_10,4,5,0.13378,0.22924,0.16734,0.16258,0.28889,0.0,0.443,0.38567,0.49805
random_10,4,6,0.42299,0.44655,0.33259,0.42724,0.2069,0.443,0.0,0.62931,0.96552
random_10,4,7,0.35778,0.44052,0.38668,0.39103,0.45858,0.38567,0.62931,0.0,1.0
random_10,4,8,0.48243,0.53793,0.48035,0.38483,0.68025,0.49805,0.96552,1.0,0.0
random_10,5,0,0.0,0.42068,0.29324,0.18825,0.41422,0.18368,0.77696,0.60417,0.4564
random_10,5,1,0.42068,0.0,0.41812,0.40979,0.41958,0.49018,0.81016,0.73047,0.67678
random_10,5,2,0.29324,0.41812,0.0,0.20089,0.39472,0.26289,0.61105,0.59622,0.40345
random_10,5,3,0.18825,0.40979,0.20089,0.0,0.38848,0.23987,0.75115,0.62297,0.4215
random_10,5,4,0.41422,0.41958,0.39472,0.38848,0.0,0.46105,0.39663,0.65271,0.50748
random_10,5,5,0.18368,0.49018,0.26289,0.23987,0.46105,0.0,0.74889,0.59441,0.51036
random_10,5,6,0.77696,0.81016,0.61105,0.75115,0.39663,0.74889,0.0,1.0,0.77163
random_10,5,7,0.60417,0.73047,0.59622,0.62297,0.65271,0.59441,1.0,0.0,0.75524
random_10,5,8,0.4564,0.67678,0.40345,0.4215,0.50748,0.51036,0.77163,0.75524,0.0
random_11,1,0,0.0,0.18247,0.05803,0.09738,0.16011,0.1288,0.26321,0.18182,0.0
random_11,1,1,0.18247,0.0,0.1886,0.22655,0.30357,0.33333,0.21429,0.5,0.0
random_11,1,2,0.05803,0.1886,0.0,0.10504,0.18035,0.1684,0.26536,0.25799,0.0
random_11,1,3,0.09738,0.22655,0.10504,0.0,0.22222,0.22222,0.35065,0.31169,0.0
random_11,1,4,0.16011,0.30357,0.18035,0.22222,0.0,0.29167,0.5,0.5,0.0
random_11,1,5,0.1288,0.33333,0.1684,0.22222,0.29167,0.0,0.5,0.5,0.0
random_11,1,6,0.26321,0.21429,0.26536,0.35065,0.5,0.5,0.0,1.0,0.0
random_11,1,7,0.18182,0.5,0.25799,0.31169,0.5,0.5,1.0,0.0,0.0
random_11,1,8,0.0,0.0,0.0,0.0,0.0,0.0,0.0,0.0,0.0
random_11,2,0,0.0,0.10756,0.05916,0.06592,0.16461,0.0686,0.22032,0.22887,0.0
random_11,2,1,0.10756,0.0,0.10604,0.11878,0.22321,0.11075,0.10714,0.2,0.0
random_11,2,2,0.05916,0.10604,0.0,0.05955,0.17081,0.07203,0.24523,0.24293,0.0
random_11,2,3,0.06592,0.11878,0.05955,0.0,0.2125,0.09333,0.27,0.26,0.0
random_11,2,4,0.16461,0.22321,0.17081,0.2125,0.0,0.1,0.5,0.5,0.0
random_11,2,5,0.0686,0.11075,0.07203,0.09333,0.1,0.0,0.18182,0.25091,0.0
random_11,2,6,0.22032,0.10714,0.24523,0.27,0.5,0.18182,0.0,1.0,0.0
random_11,2,7,0.22887,0.2,0.24293,0.26,0.5,0.25091,1.0,0.0,0.0
random_11,2,8,0.0,0.0,0.0,0.0,0.0,0.0,0.0,0.0,0.0
random_11,3,0,0.0,0.18875,0.10943,0.12443,0.21131,0.08756,0.37707,0.32876,0.38167
random_11,3,1,0.18875,0.0,0.19208,0.20357,0.31034,0.14701,0.18966,0.34483,0.46552
random_11,3,2,0.10943,0.19208,0.0,0.14634,0.2385,0.10469,0.39241,0.34739,0.37004
random_11,3,3,0.12443,0.20357,0.14634,0.0,0.23438,0.12497,0.33846,0.26857,0.37231
random_11,3,4,0.21131,0.31034,0.2385,0.23438,0.0,0.23597,0.57143,0.375,0.42857
random_11,3,5,0.08756,0.14701,0.10469,0.12497,0.23597,0.0,0.29906,0.31487,0.38619
random_11,3,6,0.37707,0.18966,0.39241,0.33846,0.57143,0.29906,0.0,0.6,1.0
random_11,3,7,0.32876,0.34483,0.34739,0.26857,0.375,0.31487,0.6,0.0,0.8
random_11,3,8,0.38167,0.46552,0.37004,0.37231,0.42857,0.38619,1.0,0.8,0.0
random_11,4,0,0.0,0.29343,0.22141,0.1789,0.23286,0.10791,0.5341,0.27702,0.59526
random_11,4,1,0.29343,0.0,0.29516,0.28876,0.33323,0.23509,0.27836,0.39396,0.41716
random_11,4,2,0.22141,0.29516,0.0,0.22889,0.21759,0.20049,0.49447,0.24258,0.46177
random_11,4,3,0.1789,0.28876,0.22889,0.0,0.24006,0.20583,0.4442,0.25365,0.57574
random_11,4,4,0.23286,0.33323,0.21759,0.24006,0.0,0.26374,0.65306,0.28316,0.55102
random_11,4,5,0.10791,0.23509,0.20049,0.20583,0.26374,0.0,0.44741,0.22283,0.54945
random_11,4,6,0.5341,0.27836,0.49447,0.4442,0.65306,0.44741,0.0,0.72857,1.0
random_11,4,7,0.27702,0.39396,0.24258,0.25365,0.28316,0.22283,0.72857,0.0,0.65714
random_11,4,8,0.59526,0.41716,0.46177,0.57574,0.55102,0.54945,1.0,0.65714,0.0
random_11,5,0,0.0,0.4497,0.34072,0.24927,0.29127,0.15673,0.75051,0.43414,0.63096
random_11,5,1,0.4497,0.0,0.45544,0.38229,0.48027,0.44558,0.36409,0.62418,0.44052
random_11,5,2,0.34072,0.45544,0.0,0.32972,0.30212,0.31381,0.5977,0.39339,0.46092
random_11,5,3,0.24927,0.38229,0.32972,0.0,0.30885,0.26776,0.60268,0.3564,0.55754
random_11,5,4,0.29127,0.48027,0.30212,0.30885,0.0,0.30158,0.77008,0.39641,0.48632
random_11,5,5,0.15673,0.44558,0.31381,0.26776,0.30158,0.0,0.74013,0.3169,0.65387
random_11,5,6,0.75051,0.36409,0.5977,0.60268,0.77008,0.74013,0.0,1.0,0.66316
random_11,5,7,0.43414,0.62418,0.39339,0.3564,0.39641,0.3169,1.0,0.0,0.8057
random_11,5,8,0.63096,0.44052,0.46092,0.55754,0.48632,0.65387,0.66316,0.8057,0.0
random_12,1,0,0.0,0.30671,0.13366,0.23588,0.21634,0.35317,0.0,0.4537,0.0
random_12,1,1,0.30671,0.0,0.3085,0.36131,0.26061,0.5625,0.0,0.66667,0.0
random_12,1,2,0.13366,0.3085,0.0,0.23063,0.24444,0.26,0.0,0.43077,0.0
random_12,1,3,0.23588,0.36131,0.23063,0.0,0.20256,0.31339,0.0,0.57143,0.0
random_12,1,4,0.21634,0.26061,0.24444,0.20256,0.0,0.45185,0.0,0.68571,0.0
random_12,1,5,0.35317,0.5625,0.26,0.31339,0.45185,0.0,0.0,1.0,0.0
random_12,1,6,0.0,0.0,0.0,0.0,0.0,0.0,0.0,0.0,0.0
random_12,1,7,0.4537,0.66667,0.43077,0.57143,0.68571,1.0,0.0,0.0,0.0
random_12,1,8,0.0,0.0,0.0,0.0,0.0,0.0,0.0,0.0,0.0
random_12,2,0,0.0,0.2163,0.11291,0.09786,0.14867,0.10538,0.27349,0.29595,0.35353
random_12,2,1,0.2163,0.0,0.22352,0.20983,0.16743,0.2344,0.30948,0.13508,0.17155
random_12,2,2,0.11291,0.22352,0.0,0.11779,0.16205,0.13612,0.27673,0.28098,0.33928
random_12,2,3,0.09786,0.20983,0.11779,0.0,0.11975,0.11183,0.24725,0.27692,0.34286
random_12,2,4,0.14867,0.16743,0.16205,0.11975,0.0,0.18731,0.29412,0.20588,0.39706
random_12,2,5,0.10538,0.2344,0.13612,0.11183,0.18731,0.0,0.30395,0.30395,0.33333
random_12,2,6,0.27349,0.30948,0.27673,0.24725,0.29412,0.30395,0.0,0.375,1.0
random_12,2,7,0.29595,0.13508,0.28098,0.27692,0.20588,0.30395,0.375,0.0,0.75
random_12,2,8,0.35353,0.17155,0.33928,0.34286,0.39706,0.33333,1.0,0.75,0.0
random_12,3,0,0.0,0.37001,0.22479,0.17009,0.27308,0.16279,0.44568,0.53798,0.32306
random_12,3,1,0.37001,0.0,0.42755,0.36358,0.32494,0.41398,0.55515,0.36027,0.26878
random_12,3,2,0.22479,0.42755,0.0,0.22661,0.34203,0.18513,0.42648,0.55774,0.38219
random_12,3,3,0.17009,0.36358,0.22661,0.0,0.24854,0.20526,0.435,0.55446,0.43594
random_12,3,4,0.27308,0.32494,0.34203,0.24854,0.0,0.33649,0.33333,0.34,0.40556
random_12,3,5,0.16279,0.41398,0.18513,0.20526,0.33649,0.0,0.42632,0.55827,0.39309
random_12,3,6,0.44568,0.55515,0.42648,0.435,0.33333,0.42632,0.0,1.0,0.78571
random_12,3,7,0.53798,0.36027,0.55774,0.55446,0.34,0.55827,1.0,0.0,0.83333
random_12,3,8,0.32306,0.26878,0.38219,0.43594,0.40556,0.39309,0.78571,0.83333,0.0
random_12,4,0,0.0,0.55166,0.31163,0.20287,0.39575,0.20961,0.57176,0.37601,0.53416
random_12,4,1,0.55166,0.0,0.6157,0.56175,0.50049,0.61283,0.70059,0.60187,0.3499
random_12,4,2,0.31163,0.6157,0.0,0.29351,0.48415,0.23956,0.60461,0.41918,0.59508
random_12,4,3,0.20287,0.56175,0.29351,0.0,0.38996,0.26065,0.59291,0.32939,0.61869
random_12,4,4,0.39575,0.50049,0.48415,0.38996,0.0,0.43414,0.34519,0.27041,0.61108
random_12,4,5,0.20961,0.61283,0.23956,0.26065,0.43414,0.0,0.52381,0.39153,0.57937
random_12,4,6,0.57176,0.70059,0.60461,0.59291,0.34519,0.52381,0.0,0.4,1.0
random_12,4,7,0.37601,0.60187,0.41918,0.32939,0.27041,0.39153,0.4,0.0,0.68571
random_12,4,8,0.53416,0.3499,0.59508,0.61869,0.61108,0.57937,1.0,0.68571,0.0
random_12,5,0,0.0,0.71276,0.38476,0.23169,0.47831,0.30814,0.68351,0.44744,0.65952
random_12,5,1,0.71276,0.0,0.78785,0.74543,0.63395,0.79561,0.79629,0.77426,0.41315
random_12,5,2,0.38476,0.78785,0.0,0.29765,0.56843,0.27631,0.63999,0.32491,0.74977
random_12,5,3,0.23169,0.74543,0.29765,0.0,0.55123,0.2727,0.64218,0.36497,0.7272
random_12,5,4,0.47831,0.63395,0.56843,0.55123,0.0,0.54358,0.588,0.46444,0.75873
random_12,5,5,0.30814,0.79561,0.27631,0.2727,0.54358,0.0,0.50063,0.36599,0.74062
random_12,5,6,0.68351,0.79629,0.63999,0.64218,0.588,0.50063,0.0,0.57134,1.0
random_12,5,7,0.44744,0.77426,0.32491,0.36497,0.46444,0.36599,0.57134,0.0,0.81759
random_12,5,8,0.65952,0.41315,0.74977,0.7272,0.75873,0.74062,1.0,0.81759,0.0
