filename,r,type_id,0,1,2,3,4,5,6,7,8
random_1,1,0,0.0,0.11051,0.06986,0.07837,0.10138,0.12394,0.16034,0.16319,0.0
random_1,1,1,0.11051,0.0,0.15018,0.15068,0.22261,0.25,0.08696,0.33333,0.0
random_1,1,2,0.06986,0.15018,0.0,0.09333,0.13765,0.08578,0.21692,0.15385,0.0
random_1,1,3,0.07837,0.15068,0.09333,0.0,0.12571,0.20222,0.2,0.2,0.0
random_1,1,4,0.10138,0.22261,0.13765,0.12571,0.0,0.25,0.4,0.33333,0.0
random_1,1,5,0.12394,0.25,0.08578,0.20222,0.25,0.0,0.5,0.5,0.0
random_1,1,6,0.16034,0.08696,0.21692,0.2,0.4,0.5,0.0,1.0,0.0
random_1,1,7,0.16319,0.33333,0.15385,0.2,0.33333,0.5,1.0,0.0,0.0
random_1,1,8,0.0,0.0,0.0,0.0,0.0,0.0,0.0,0.0,0.0
random_1,2,0,0.0,0.08673,0.07204,0.07053,0.09942,0.04798,0.16324,0.16476,0.0
random_1,2,1,0.08673,0.0,0.10311,0.09017,0.0704,0.11137,0.05471,0.14286,0.0
random_1,2,2,0.07204,0.10311,0.0,0.06755,0.11142,0.05601,0.19474,0.13333,0.0
random_1,2,3,0.07053,0.09017,0.06755,0.0,0.10022,0.0775,0.15385,0.15385,0.0
random_1,2,4,0.09942,0.0704,0.11142,0.10022,0.0,0.13411,0.22222,0.33333,0.0
random_1,2,5,0.04798,0.11137,0.05601,0.0775,0.13411,0.0,0.23438,0.23438,0.0
random_1,2,6,0.16324,0.05471,0.19474,0.15385,0.22222,0.23438,0.0,1.0,0.0
random_1,2,7,0.16476,0.14286,0.13333,0.15385,0.33333,0.23438,1.0,0.0,0.0
random_1,2,8,0.0,0.0,0.0,0.0,0.0,0.0,0.0,0.0,0.0
random_1,3,0,0.0,0.11786,0.10171,0.08155,0.1564,0.06016,0.23918,0.21385,0.14414
random_1,3,1,0.11786,0.0,0.14526,0.14563,0.0746,0.10326,0.09796,0.24143,0.22222
random_1,3,2,0.10171,0.14526,0.0,0.08117,0.18214,0.09319,0.2774,0.21938,0.15925
random_1,3,3,0.08155,0.14563,0.08117,0.0,0.16413,0.09396,0.27826,0.24218,0.1358
random_1,3,4,0.1564,0.0746,0.18214,0.16413,0.0,0.15742,0.26786,0.42857,0.26571
random_1,3,5,0.06016,0.10326,0.09319,0.09396,0.15742,0.0,0.23798,0.21041,0.15577
random_1,3,6,0.23918,0.09796,0.2774,0.27826,0.26786,0.23798,0.0,1.0,0.6
random_1,3,7,0.21385,0.24143,0.21938,0.24218,0.42857,0.21041,1.0,0.0,0.42857
random_1,3,8,0.14414,0.22222,0.15925,0.1358,0.26571,0.15577,0.6,0.42857,0.0
random_1,4,0,0.0,0.23417,0.21635,0.13628,0.19641,0.10667,0.46246,0.34298,0.30675
random_1,4,1,0.23417,0.0,0.28324,0.2686,0.11227,0.22289,0.18088,0.4076,0.38193
random_1,4,2,0.21635,0.28324,0.0,0.18326,0.28809,0.20053,0.4444,0.29003,0.31676
random_1,4,3,0.13628,0.2686,0.18326,0.0,0.23967,0.14866,0.48871,0.34089,0.30045
random_1,4,4,0.19641,0.11227,0.28809,0.23967,0.0,0.17361,0.32939,0.47776,0.41229
random_1,4,5,0.10667,0.22289,0.20053,0.14866,0.17361,0.0,0.44447,0.34094,0.32251
random_1,4,6,0.46246,0.18088,0.4444,0.48871,0.32939,0.44447,0.0,0.93023,1.0
random_1,4,7,0.34298,0.4076,0.29003,0.34089,0.47776,0.34094,0.93023,0.0,0.65116
random_1,4,8,0.30675,0.38193,0.31676,0.30045,0.41229,0.32251,1.0,0.65116,0.0
random_1,5,0,0.0,0.23667,0.21793,0.12495,0.16832,0.10409,0.39714,0.21737,0.32138
random_1,5,1,0.23667,0.0,0.2874,0.2541,0.11893,0.21746,0.15735,0.33075,0.45303
random_1,5,2,0.21793,0.2874,0.0,0.19223,0.21504,0.18501,0.39616,0.21507,0.32874
random_1,5,3,0.12495,0.2541,0.19223,0.0,0.1854,0.13052,0.43032,0.21681,0.27729
random_1,5,4,0.16832,0.11893,0.21504,0.1854,0.0,0.13138,0.28652,0.26995,0.37858
random_1,5,5,0.10409,0.21746,0.18501,0.13052,0.13138,0.0,0.38475,0.20728,0.31746
random_1,5,6,0.39714,0.15735,0.39616,0.43032,0.28652,0.38475,0.0,0.49655,1.0
random_1,5,7,0.21737,0.33075,0.21507,0.21681,0.26995,0.20728,0.49655,0.0,0.46967
random_1,5,8,0.32138,0.45303,0.32874,0.27729,0.37858,0.31746,1.0,0.46967,0.0
random_2,1,0,0.0,0.22804,0.1018,0.26186,0.17273,0.17368,0.28594,0.32812,0.0
random_2,1,1,0.22804,0.0,0.18147,0.41868,0.31224,0.35714,0.30357,0.5,0.0
random_2,1,2,0.1018,0.18147,0.0,0.24463,0.14403,0.16901,0.28832,0.29826,0.0
random_2,1,3,0.26186,0.41868,0.24463,0.0,0.31282,0.4188,0.66667,0.44872,0.0
random_2,1,4,0.17273,0.31224,0.14403,0.31282,0.0,0.17949,0.44,0.44,0.0
random_2,1,5,0.17368,0.35714,0.16901,0.4188,0.17949,0.0,0.57143,0.57143,0.0
random_2,1,6,0.28594,0.30357,0.28832,0.66667,0.44,0.57143,0.0,1.0,0.0
random_2,1,7,0.32812,0.5,0.29826,0.44872,0.44,0.57143,1.0,0.0,0.0
random_2,1,8,0.0,0.0,0.0,0.0,0.0,0.0,0.0,0.0,0.0
random_2,2,0,0.0,0.39333,0.23384,0.35352,0.37826,0.25674,0.43067,0.60836,0.0
random_2,2,1,0.39333,0.0,0.34673,0.50164,0.51064,0.46595,0.65624,0.72865,0.0
random_2,2,2,0.23384,0.34673,0.0,0.36639,0.40881,0.22954,0.43062,0.66667,0.0
random_2,2,3,0.35352,0.50164,0.36639,0.0,0.55949,0.40982,0.69614,0.6413,0.0
random_2,2,4,0.37826,0.51064,0.40881,0.55949,0.0,0.44148,0.64042,0.79876,0.0
random_2,2,5,0.25674,0.46595,0.22954,0.40982,0.44148,0.0,0.50526,0.77733,0.0
random_2,2,6,0.43067,0.65624,0.43062,0.69614,0.64042,0.50526,0.0,1.0,0.0
random_2,2,7,0.60836,0.72865,0.66667,0.6413,0.79876,0.77733,1.0,0.0,0.0
random_2,2,8,0.0,0.0,0.0,0.0,0.0,0.0,0.0,0.0,0.0
random_2,3,0,0.0,0.31474,0.2018,0.23687,0.39953,0.21666,0.39901,0.4409,0.41814
random_2,3,1,0.31474,0.0,0.29589,0.40033,0.43405,0.3236,0.44679,0.5859,0.65357
random_2,3,2,0.2018,0.29589,0.0,0.29814,0.44775,0.22031,0.36003,0.47189,0.48325
random_2,3,3,0.23687,0.40033,0.29814,0.0,0.29648,0.24067,0.49113,0.38152,0.55864
random_2,3,4,0.39953,0.43405,0.44775,0.29648,0.0,0.42185,0.60887,0.59667,0.85942
random_2,3,5,0.21666,0.3236,0.22031,0.24067,0.42185,0.0,0.39069,0.40508,0.60085
random_2,3,6,0.39901,0.44679,0.36003,0.49113,0.60887,0.39069,0.0,0.75974,0.83571
random_2,3,7,0.4409,0.5859,0.47189,0.38152,0.59667,0.40508,0.75974,0.0,1.0
random_2,3,8,0.41814,0.65357,0.48325,0.55864,0.85942,0.60085,0.83571,1.0,0.0
random_2,4,0,0.0,0.4258,0.28538,0.3357,0.524,0.22291,0.52936,0.52753,0.53595
random_2,4,1,0.4258,0.0,0.41735,0.54038,0.59094,0.37688,0.69127,0.67808,0.67299
random_2,4,2,0.28538,0.41735,0.0,0.37728,0.54723,0.25915,0.56085,0.49941,0.52712
random_2,4,3,0.3357,0.54038,0.37728,0.0,0.38855,0.3544,0.70766,0.38407,0.79378
random_2,4,4,0.524,0.59094,0.54723,0.38855,0.0,0.50183,0.75263,0.66707,0.91828
random_2,4,5,0.22291,0.37688,0.25915,0.3544,0.50183,0.0,0.45924,0.53063,0.64703
random_2,4,6,0.52936,0.69127,0.56085,0.70766,0.75263,0.45924,0.0,0.99689,0.99684
random_2,4,7,0.52753,0.67808,0.49941,0.38407,0.66707,0.53063,0.99689,0.0,1.0
random_2,4,8,0.53595,0.67299,0.52712,0.79378,0.91828,0.64703,0.99684,1.0,0.0
random_2,5,0,0.0,0.41194,0.28743,0.31575,0.44982,0.21739,0.55531,0.52049,0.54573
random_2,5,1,0.41194,0.0,0.41739,0.52294,0.50398,0.36076,0.67091,0.67738,0.77934
random_2,5,2,0.28743,0.41739,0.0,0.33578,0.5063,0.28898,0.5796,0.4933,0.54386
random_2,5,3,0.31575,0.52294,0.33578,0.0,0.34123,0.29561,0.70813,0.39504,0.77213
random_2,5,4,0.44982,0.50398,0.5063,0.34123,0.0,0.39879,0.67208,0.61607,0.79592
random_2,5,5,0.21739,0.36076,0.28898,0.29561,0.39879,0.0,0.42703,0.50362,0.61389
random_2,5,6,0.55531,0.67091,0.5796,0.70813,0.67208,0.42703,0.0,0.98996,0.90073
random_2,5,7,0.52049,0.67738,0.4933,0.39504,0.61607,0.50362,0.98996,0.0,1.0
random_2,5,8,0.54573,0.77934,0.54386,0.77213,0.79592,0.61389,0.90073,1.0,0.0
random_3,1,0,0.0,0.31202,0.1334,0.12277,0.2713,0.46032,0.0,0.0,0.0
random_3,1,1,0.31202,0.0,0.31134,0.34544,0.45455,0.71429,0.0,0.0,0.0
random_3,1,2,0.1334,0.31134,0.0,0.15005,0.23374,0.35714,0.0,0.0,0.0
random_3,1,3,0.12277,0.34544,0.15005,0.0,0.24167,0.54545,0.0,0.0,0.0
random_3,1,4,0.2713,0.45455,0.23374,0.24167,0.0,1.0,0.0,0.0,0.0
random_3,1,5,0.46032,0.71429,0.35714,0.54545,1.0,0.0,0.0,0.0,0.0
random_3,1,6,0.0,0.0,0.0,0.0,0.0,0.0,0.0,0.0,0.0
random_3,1,7,0.0,0.0,0.0,0.0,0.0,0.0,0.0,0.0,0.0
random_3,1,8,0.0,0.0,0.0,0.0,0.0,0.0,0.0,0.0,0.0
random_3,2,0,0.0,0.31812,0.15243,0.18043,0.2459,0.1515,0.50773,0.0,0.50773
random_3,2,1,0.31812,0.0,0.29377,0.33455,0.30347,0.27476,0.4356,0.0,0.4356
random_3,2,2,0.15243,0.29377,0.0,0.18698,0.23804,0.17047,0.60348,0.0,0.60348
random_3,2,3,0.18043,0.33455,0.18698,0.0,0.27938,0.22818,0.48485,0.0,0.48485
random_3,2,4,0.2459,0.30347,0.23804,0.27938,0.0,0.31956,1.0,0.0,1.0
random_3,2,5,0.1515,0.27476,0.17047,0.22818,0.31956,0.0,0.79339,0.0,0.79339
random_3,2,6,0.50773,0.4356,0.60348,0.48485,1.0,0.79339,0.0,0.0,0.0
random_3,2,7,0.0,0.0,0.0,0.0,0.0,0.0,0.0,0.0,0.0
random_3,2,8,0.50773,0.4356,0.60348,0.48485,1.0,0.79339,0.0,0.0,0.0
random_3,3,0,0.0,0.31249,0.13196,0.12954,0.27957,0.1525,0.51195,0.0,0.3176
random_3,3,1,0.31249,0.0,0.29553,0.30238,0.19755,0.27687,0.41295,0.0,0.31639
random_3,3,2,0.13196,0.29553,0.0,0.14429,0.29559,0.21085,0.57481,0.0,0.33918
random_3,3,3,0.12954,0.30238,0.14429,0.0,0.32797,0.14752,0.51214,0.0,0.28798
random_3,3,4,0.27957,0.19755,0.29559,0.32797,0.0,0.26349,1.0,0.0,0.53333
random_3,3,5,0.1525,0.27687,0.21085,0.14752,0.26349,0.0,0.54667,0.0,0.31579
random_3,3,6,0.51195,0.41295,0.57481,0.51214,1.0,0.54667,0.0,0.0,0.58667
random_3,3,7,0.0,0.0,0.0,0.0,0.0,0.0,0.0,0.0,0.0
random_3,3,8,0.3176,0.31639,0.33918,0.28798,0.53333,0.31579,0.58667,0.0,0.0
random_3,4,0,0.0,0.25649,0.11661,0.09996,0.21376,0.09942,0.43606,0.2588,0.26968
random_3,4,1,0.25649,0.0,0.22495,0.24162,0.15097,0.22133,0.30102,0.36268,0.23027
random_3,4,2,0.11661,0.22495,0.0,0.12205,0.21887,0.12665,0.45206,0.29049,0.28093
random_3,4,3,0.09996,0.24162,0.12205,0.0,0.2365,0.10394,0.43559,0.29668,0.27061
random_3,4,4,0.21376,0.15097,0.21887,0.2365,0.0,0.19234,0.5609,0.44872,0.36058
random_3,4,5,0.09942,0.22133,0.12665,0.10394,0.19234,0.0,0.44807,0.30766,0.28323
random_3,4,6,0.43606,0.30102,0.45206,0.43559,0.5609,0.44807,0.0,1.0,0.38462
random_3,4,7,0.2588,0.36268,0.29049,0.29668,0.44872,0.30766,1.0,0.0,0.55556
random_3,4,8,0.26968,0.23027,0.28093,0.27061,0.36058,0.28323,0.38462,0.55556,0.0
random_3,5,0,0.0,0.35719,0.15929,0.13239,0.26251,0.12953,0.54162,0.33925,0.36765
random_3,5,1,0.35719,0.0,0.31392,0.33259,0.21033,0.30563,0.39886,0.47863,0.32906
random_3,5,2,0.15929,0.31392,0.0,0.16455,0.27807,0.1804,0.5668,0.34262,0.37139
random_3,5,3,0.13239,0.33259,0.16455,0.0,0.27106,0.14765,0.54362,0.32128,0.34323
random_3,5,4,0.26251,0.21033,0.27807,0.27106,0.0,0.25298,0.55009,0.47136,0.41447
random_3,5,5,0.12953,0.30563,0.1804,0.14765,0.25298,0.0,0.57999,0.35854,0.35965
random_3,5,6,0.54162,0.39886,0.5668,0.54362,0.55009,0.57999,0.0,1.0,0.42857
random_3,5,7,0.33925,0.47863,0.34262,0.32128,0.47136,0.35854,1.0,0.0,0.67
random_3,5,8,0.36765,0.32906,0.37139,0.34323,0.41447,0.35965,0.42857,0.67,0.0
random_4,1,0,0.0,0.36851,0.15535,0.17728,0.2937,0.33418,0.0,0.0,0.0
random_4,1,1,0.36851,0.0,0.29005,0.35663,0.58152,1.0,0.0,0.0,0.0
random_4,1,2,0.15535,0.29005,0.0,0.20016,0.27259,0.39045,0.0,0.0,0.0
random_4,1,3,0.17728,0.35663,0.20016,0.0,0.34891,0.46969,0.0,0.0,0.0
random_4,1,4,0.2937,0.58152,0.27259,0.34891,0.0,0.71963,0.0,0.0,0.0
random_4,1,5,0.33418,1.0,0.39045,0.46969,0.71963,0.0,0.0,0.0,0.0
random_4,1,6,0.0,0.0,0.0,0.0,0.0,0.0,0.0,0.0,0.0
random_4,1,7,0.0,0.0,0.0,0.0,0.0,0.0,0.0,0.0,0.0
random_4,1,8,0.0,0.0,0.0,0.0,0.0,0.0,0.0,0.0,0.0
random_4,2,0,0.0,0.37812,0.21658,0.25241,0.32063,0.2844,0.50548,0.0,0.0
random_4,2,1,0.37812,0.0,0.44026,0.36848,0.53078,0.568,0.74709,0.0,0.0
random_4,2,2,0.21658,0.44026,0.0,0.25103,0.33292,0.372,0.5431,0.0,0.0
random_4,2,3,0.25241,0.36848,0.25103,0.0,0.39318,0.29517,0.62823,0.0,0.0
random_4,2,4,0.32063,0.53078,0.33292,0.39318,0.0,0.48806,1.0,0.0,0.0
random_4,2,5,0.2844,0.568,0.372,0.29517,0.48806,0.0,0.85824,0.0,0.0
random_4,2,6,0.50548,0.74709,0.5431,0.62823,1.0,0.85824,0.0,0.0,0.0
random_4,2,7,0.0,0.0,0.0,0.0,0.0,0.0,0.0,0.0,0.0
random_4,2,8,0.0,0.0,0.0,0.0,0.0,0.0,0.0,0.0,0.0
random_4,3,0,0.0,0.30427,0.21147,0.16417,0.29829,0.16651,0.4664,0.0,0.37362
random_4,3,1,0.30427,0.0,0.36258,0.30046,0.46419,0.35199,0.66207,0.0,0.57166
random_4,3,2,0.21147,0.36258,0.0,0.2462,0.2892,0.30798,0.45779,0.0,0.31266
random_4,3,3,0.16417,0.30046,0.2462,0.0,0.38,0.14696,0.5119,0.0,0.42328
random_4,3,4,0.29829,0.46419,0.2892,0.38,0.0,0.37056,0.94286,0.0,0.61714
random_4,3,5,0.16651,0.35199,0.30798,0.14696,0.37056,0.0,0.4898,0.0,0.49675
random_4,3,6,0.4664,0.66207,0.45779,0.5119,0.94286,0.4898,0.0,0.0,1.0
random_4,3,7,0.0,0.0,0.0,0.0,0.0,0.0,0.0,0.0,0.0
random_4,3,8,0.37362,0.57166,0.31266,0.42328,0.61714,0.49675,1.0,0.0,0.0
random_4,4,0,0.0,0.2714,0.20742,0.1796,0.25205,0.12953,0.46521,0.3958,0.37222
random_4,4,1,0.2714,0.0,0.31443,0.27598,0.3142,0.29845,0.55026,0.43739,0.46349
random_4,4,2,0.20742,0.31443,0.0,0.20835,0.22156,0.2044,0.47899,0.36555,0.33655
random_4,4,3,0.1796,0.27598,0.20835,0.0,0.22812,0.11756,0.55172,0.30964,0.45517
random_4,4,4,0.25205,0.3142,0.22156,0.22812,0.0,0.19835,0.66071,0.47143,0.55102
random_4,4,5,0.12953,0.29845,0.2044,0.11756,0.19835,0.0,0.5732,0.3609,0.43688
random_4,4,6,0.46521,0.55026,0.47899,0.55172,0.66071,0.5732,0.0,0.97959,1.0
random_4,4,7,0.3958,0.43739,0.36555,0.30964,0.47143,0.3609,0.97959,0.0,0.66667
random_4,4,8,0.37222,0.46349,0.33655,0.45517,0.55102,0.43688,1.0,0.66667,0.0
random_4,5,0,0.0,0.34314,0.26987,0.23628,0.27388,0.16266,0.53562,0.39954,0.48784
random_4,5,1,0.34314,0.0,0.40458,0.35194,0.34682,0.37686,0.65928,0.49977,0.60421
random_4,5,2,0.26987,0.40458,0.0,0.26224,0.23796,0.25628,0.53598,0.40167,0.43906
random_4,5,3,0.23628,0.35194,0.26224,0.0,0.20312,0.16923,0.63512,0.28045,0.57347
random_4,5,4,0.27388,0.34682,0.23796,0.20312,0.0,0.21583,0.65109,0.34301,0.56496
random_4,5,5,0.16266,0.37686,0.25628,0.16923,0.21583,0.0,0.62348,0.32978,0.57277
random_4,5,6,0.53562,0.65928,0.53598,0.63512,0.65109,0.62348,0.0,0.88421,1.0
random_4,5,7,0.39954,0.49977,0.40167,0.28045,0.34301,0.32978,0.88421,0.0,0.75359
random_4,5,8,0.48784,0.60421,0.43906,0.57347,0.56496,0.57277,1.0,0.75359,0.0
random_5,1,0,0.0,0.24791,0.14867,0.17541,0.19845,0.23392,0.37263,0.0,0.37263
random_5,1,1,0.24791,0.0,0.34835,0.35954,0.25206,0.4,0.80952,0.0,0.80952
random_5,1,2,0.14867,0.34835,0.0,0.14764,0.2287,0.29941,0.4876,0.0,0.4876
random_5,1,3,0.17541,0.35954,0.14764,0.0,0.25831,0.40404,0.55556,0.0,0.55556
random_5,1,4,0.19845,0.25206,0.2287,0.25831,0.0,0.42593,0.84656,0.0,0.84656
random_5,1,5,0.23392,0.4,0.29941,0.40404,0.42593,0.0,1.0,0.0,1.0
random_5,1,6,0.37263,0.80952,0.4876,0.55556,0.84656,1.0,0.0,0.0,0.0
random_5,1,7,0.0,0.0,0.0,0.0,0.0,0.0,0.0,0.0,0.0
random_5,1,8,0.37263,0.80952,0.4876,0.55556,0.84656,1.0,0.0,0.0,0.0
random_5,2,0,0.0,0.09446,0.06896,0.05154,0.10004,0.07103,0.11697,0.17086,0.15878
random_5,2,1,0.09446,0.0,0.13718,0.11529,0.09799,0.10854,0.10813,0.15385,0.18293
random_5,2,2,0.06896,0.13718,0.0,0.04229,0.13632,0.08833,0.16093,0.19552,0.20803
random_5,2,3,0.05154,0.11529,0.04229,0.0,0.106,0.09524,0.14334,0.19565,0.20963
random_5,2,4,0.10004,0.09799,0.13632,0.106,0.0,0.13492,0.25222,0.28571,0.37714
random_5,2,5,0.07103,0.10854,0.08833,0.09524,0.13492,0.0,0.21212,0.31481,0.31481
random_5,2,6,0.11697,0.10813,0.16093,0.14334,0.25222,0.21212,0.0,0.5,0.375
random_5,2,7,0.17086,0.15385,0.19552,0.19565,0.28571,0.31481,0.5,0.0,1.0
random_5,2,8,0.15878,0.18293,0.20803,0.20963,0.37714,0.31481,0.375,1.0,0.0
random_5,3,0,0.0,0.22713,0.17042,0.10683,0.24571,0.10438,0.28964,0.37933,0.19702
random_5,3,1,0.22713,0.0,0.31903,0.25835,0.19898,0.25051,0.29119,0.28369,0.26969
random_5,3,2,0.17042,0.31903,0.0,0.11118,0.31896,0.17861,0.41372,0.40845,0.20658
random_5,3,3,0.10683,0.25835,0.11118,0.0,0.28901,0.15423,0.32895,0.38426,0.21212
random_5,3,4,0.24571,0.19898,0.31896,0.28901,0.0,0.24202,0.4913,0.28989,0.35063
random_5,3,5,0.10438,0.25051,0.17861,0.15423,0.24202,0.0,0.41026,0.41896,0.30067
random_5,3,6,0.28964,0.29119,0.41372,0.32895,0.4913,0.41026,0.0,1.0,0.35714
random_5,3,7,0.37933,0.28369,0.40845,0.38426,0.28989,0.41896,1.0,0.0,0.625
random_5,3,8,0.19702,0.26969,0.20658,0.21212,0.35063,0.30067,0.35714,0.625,0.0
random_5,4,0,0.0,0.42172,0.34255,0.19631,0.42442,0.18577,0.57769,0.4717,0.40389
random_5,4,1,0.42172,0.0,0.52506,0.4689,0.24952,0.47804,0.41813,0.38751,0.44664
random_5,4,2,0.34255,0.52506,0.0,0.20691,0.56666,0.3703,0.72947,0.42577,0.42981
random_5,4,3,0.19631,0.4689,0.20691,0.0,0.5211,0.23766,0.64143,0.45155,0.43224
random_5,4,4,0.42442,0.24952,0.56666,0.5211,0.0,0.4276,0.77956,0.64725,0.59989
random_5,4,5,0.18577,0.47804,0.3703,0.23766,0.4276,0.0,0.70169,0.49432,0.49906
random_5,4,6,0.57769,0.41813,0.72947,0.64143,0.77956,0.70169,0.0,1.0,0.92778
random_5,4,7,0.4717,0.38751,0.42577,0.45155,0.64725,0.49432,1.0,0.0,0.73333
random_5,4,8,0.40389,0.44664,0.42981,0.43224,0.59989,0.49906,0.92778,0.73333,0.0
random_5,5,0,0.0,0.53983,0.43961,0.20817,0.50149,0.25324,0.59757,0.56412,0.55123
random_5,5,1,0.53983,0.0,0.68155,0.61977,0.32604,0.62798,0.49942,0.54685,0.59802
random_5,5,2,0.43961,0.68155,0.0,0.29656,0.68904,0.49389,0.83077,0.41173,0.63085
random_5,5,3,0.20817,0.61977,0.29656,0.0,0.62079,0.29797,0.70542,0.53589,0.5894
random_5,5,4,0.50149,0.32604,0.68904,0.62079,0.0,0.47765,0.91407,0.74399,0.70303
random_5,5,5,0.25324,0.62798,0.49389,0.29797,0.47765,0.0,0.75202,0.55096,0.64782
random_5,5,6,0.59757,0.49942,0.83077,0.70542,0.91407,0.75202,0.0,1.0,0.99307
random_5,5,7,0.56412,0.54685,0.41173,0.53589,0.74399,0.55096,1.0,0.0,0.9148
random_5,5,8,0.55123,0.59802,0.63085,0.5894,0.70303,0.64782,0.99307,0.9148,0.0
random_6,1,0,0.0,0.21478,0.08327,0.09422,0.15625,0.21507,0.28676,0.0,0.0
random_6,1,1,0.21478,0.0,0.16198,0.30588,0.36716,0.42857,0.74118,0.0,0.0
random_6,1,2,0.08327,0.16198,0.0,0.11196,0.17654,0.25658,0.28947,0.0,0.0
random_6,1,3,0.09422,0.30588,0.11196,0.0,0.21875,0.27,0.43333,0.0,0.0
random_6,1,4,0.15625,0.36716,0.17654,0.21875,0.0,0.39583,0.6,0.0,0.0
random_6,1,5,0.21507,0.42857,0.25658,0.27,0.39583,0.0,1.0,0.0,0.0
random_6,1,6,0.28676,0.74118,0.28947,0.43333,0.6,1.0,0.0,0.0,0.0
random_6,1,7,0.0,0.0,0.0,0.0,0.0,0.0,0.0,0.0,0.0
random_6,1,8,0.0,0.0,0.0,0.0,0.0,0.0,0.0,0.0,0.0
random_6,2,0,0.0,0.38458,0.16615,0.14042,0.33377,0.28164,0.51515,0.0,0.0
random_6,2,1,0.38458,0.0,0.42814,0.50925,0.62558,0.39171,0.47597,0.0,0.0
random_6,2,2,0.16615,0.42814,0.0,0.20537,0.40994,0.23617,0.54658,0.0,0.0
random_6,2,3,0.14042,0.50925,0.20537,0.0,0.39089,0.38025,0.7033,0.0,0.0
random_6,2,4,0.33377,0.62558,0.40994,0.39089,0.0,0.63265,1.0,0.0,0.0
random_6,2,5,0.28164,0.39171,0.23617,0.38025,0.63265,0.0,0.68571,0.0,0.0
random_6,2,6,0.51515,0.47597,0.54658,0.7033,1.0,0.68571,0.0,0.0,0.0
random_6,2,7,0.0,0.0,0.0,0.0,0.0,0.0,0.0,0.0,0.0
random_6,2,8,0.0,0.0,0.0,0.0,0.0,0.0,0.0,0.0,0.0
random_6,3,0,0.0,0.16619,0.06799,0.0592,0.14048,0.10037,0.22902,0.2421,0.14946
random_6,3,1,0.16619,0.0,0.18412,0.18204,0.27272,0.1511,0.23622,0.23077,0.2726
random_6,3,2,0.06799,0.18412,0.0,0.06975,0.16883,0.0787,0.23485,0.22961,0.18324
random_6,3,3,0.0592,0.18204,0.06975,0.0,0.132,0.10378,0.22941,0.27,0.15789
random_6,3,4,0.14048,0.27272,0.16883,0.132,0.0,0.21818,0.39184,0.5,0.1
random_6,3,5,0.10037,0.1511,0.0787,0.10378,0.21818,0.0,0.23077,0.31818,0.23182
random_6,3,6,0.22902,0.23622,0.23485,0.22941,0.39184,0.23077,0.0,1.0,0.41964
random_6,3,7,0.2421,0.23077,0.22961,0.27,0.5,0.31818,1.0,0.0,0.6
random_6,3,8,0.14946,0.2726,0.18324,0.15789,0.1,0.23182,0.41964,0.6,0.0
random_6,4,0,0.0,0.39889,0.16777,0.12267,0.19259,0.17128,0.56124,0.28252,0.37515
random_6,4,1,0.39889,0.0,0.42527,0.3963,0.48075,0.43938,0.49346,0.46489,0.52982
random_6,4,2,0.16777,0.42527,0.0,0.16428,0.20835,0.14394,0.57235,0.23675,0.43895
random_6,4,3,0.12267,0.3963,0.16428,0.0,0.17041,0.2105,0.53906,0.3024,0.37782
random_6,4,4,0.19259,0.48075,0.20835,0.17041,0.0,0.20911,0.63846,0.22926,0.47473
random_6,4,5,0.17128,0.43938,0.14394,0.2105,0.20911,0.0,0.64992,0.30301,0.46468
random_6,4,6,0.56124,0.49346,0.57235,0.53906,0.63846,0.64992,0.0,0.82051,1.0
random_6,4,7,0.28252,0.46489,0.23675,0.3024,0.22926,0.30301,0.82051,0.0,0.64336
random_6,4,8,0.37515,0.52982,0.43895,0.37782,0.47473,0.46468,1.0,0.64336,0.0
random_6,5,0,0.0,0.46521,0.19291,0.14939,0.19635,0.22645,0.57594,0.26029,0.44159
random_6,5,1,0.46521,0.0,0.49413,0.4678,0.5071,0.51627,0.55133,0.49599,0.62188
random_6,5,2,0.19291,0.49413,0.0,0.20322,0.18183,0.18189,0.6236,0.2194,0.52459
random_6,5,3,0.14939,0.4678,0.20322,0.0,0.1812,0.26631,0.59668,0.31353,0.47293
random_6,5,4,0.19635,0.5071,0.18183,0.1812,0.0,0.25698,0.68706,0.2662,0.51036
random_6,5,5,0.22645,0.51627,0.18189,0.26631,0.25698,0.0,0.7038,0.34011,0.54808
random_6,5,6,0.57594,0.55133,0.6236,0.59668,0.68706,0.7038,0.0,0.723,1.0
random_6,5,7,0.26029,0.49599,0.2194,0.31353,0.2662,0.34011,0.723,0.0,0.56728
random_6,5,8,0.44159,0.62188,0.52459,0.47293,0.51036,0.54808,1.0,0.56728,0.0
random_7,1,0,0.0,0.24129,0.09336,0.14268,0.19018,0.10612,0.0,0.0,0.35126
random_7,1,1,0.24129,0.0,0.23932,0.33147,0.49383,0.283,0.0,0.0,0.74074
random_7,1,2,0.09336,0.23932,0.0,0.14375,0.22051,0.14464,0.0,0.0,0.35596
random_7,1,3,0.14268,0.33147,0.14375,0.0,0.26395,0.15083,0.0,0.0,0.44444
random_7,1,4,0.19018,0.49383,0.22051,0.26395,0.0,0.28694,0.0,0.0,1.0
random_7,1,5,0.10612,0.283,0.14464,0.15083,0.28694,0.0,0.0,0.0,0.55944
random_7,1,6,0.0,0.0,0.0,0.0,0.0,0.0,0.0,0.0,0.0
random_7,1,7,0.0,0.0,0.0,0.0,0.0,0.0,0.0,0.0,0.0
random_7,1,8,0.35126,0.74074,0.35596,0.44444,1.0,0.55944,0.0,0.0,0.0
random_7,2,0,0.0,0.08154,0.04428,0.04795,0.07988,0.05517,0.16357,0.12496,0.15901
random_7,2,1,0.08154,0.0,0.09005,0.08383,0.13889,0.07982,0.06429,0.1224,0.20893
random_7,2,2,0.04428,0.09005,0.0,0.06129,0.08371,0.07159,0.16973,0.11767,0.15961
random_7,2,3,0.04795,0.08383,0.06129,0.0,0.10303,0.05637,0.17922,0.10909,0.21039
random_7,2,4,0.07988,0.13889,0.08371,0.10303,0.0,0.12083,0.33333,0.18333,0.4
random_7,2,5,0.05517,0.07982,0.07159,0.05637,0.12083,0.0,0.19444,0.11905,0.24074
random_7,2,6,0.16357,0.06429,0.16973,0.17922,0.33333,0.19444,0.0,0.5,1.0
random_7,2,7,0.12496,0.1224,0.11767,0.10909,0.18333,0.11905,0.5,0.0,0.5
random_7,2,8,0.15901,0.20893,0.15961,0.21039,0.4,0.24074,1.0,0.5,0.0
random_7,3,0,0.0,0.16856,0.10253,0.11143,0.15024,0.09254,0.3711,0.2414,0.19789
random_7,3,1,0.16856,0.0,0.19404,0.15468,0.29869,0.16325,0.15771,0.30665,0.33851
random_7,3,2,0.10253,0.19404,0.0,0.12366,0.1755,0.15563,0.38532,0.21609,0.20543
random_7,3,3,0.11143,0.15468,0.12366,0.0,0.184,0.11911,0.36697,0.20727,0.25824
random_7,3,4,0.15024,0.29869,0.1755,0.184,0.0,0.18579,0.79365,0.22222,0.22222
random_7,3,5,0.09254,0.16325,0.15563,0.11911,0.18579,0.0,0.37887,0.25501,0.30358
random_7,3,6,0.3711,0.15771,0.38532,0.36697,0.79365,0.37887,0.0,1.0,0.88889
random_7,3,7,0.2414,0.30665,0.21609,0.20727,0.22222,0.25501,1.0,0.0,0.36111
random_7,3,8,0.19789,0.33851,0.20543,0.25824,0.22222,0.30358,0.88889,0.36111,0.0
random_7,4,0,0.0,0.19095,0.14507,0.12646,0.15464,0.1221,0.46046,0.17984,0.27591
random_7,4,1,0.19095,0.0,0.21735,0.19533,0.12734,0.18084,0.22078,0.24822,0.37987
random_7,4,2,0.14507,0.21735,0.0,0.14234,0.20718,0.18243,0.4515,0.13791,0.2873
random_7,4,3,0.12646,0.19533,0.14234,0.0,0.18594,0.15725,0.42857,0.10576,0.32602
random_7,4,4,0.15464,0.12734,0.20718,0.18594,0.0,0.12868,0.43269,0.20221,0.45
random_7,4,5,0.1221,0.18084,0.18243,0.15725,0.12868,0.0,0.47402,0.17738,0.40449
random_7,4,6,0.46046,0.22078,0.4515,0.42857,0.43269,0.47402,0.0,0.61765,1.0
random_7,4,7,0.17984,0.24822,0.13791,0.10576,0.20221,0.17738,0.61765,0.0,0.40588
random_7,4,8,0.27591,0.37987,0.2873,0.32602,0.45,0.40449,1.0,0.40588,0.0
random_7,5,0,0.0,0.18263,0.13308,0.1101,0.1073,0.13194,0.46148,0.14644,0.2842
random_7,5,1,0.18263,0.0,0.20269,0.16892,0.1378,0.14814,0.25223,0.21454,0.3817
random_7,5,2,0.13308,0.20269,0.0,0.14038,0.15058,0.18192,0.45105,0.12373,0.29331
random_7,5,3,0.1101,0.16892,0.14038,0.0,0.13562,0.14758,0.41993,0.1027,0.32941
random_7,5,4,0.1073,0.1378,0.15058,0.13562,0.0,0.08752,0.43125,0.1415,0.36667
random_7,5,5,0.13194,0.14814,0.18192,0.14758,0.08752,0.0,0.43753,0.15316,0.39147
random_7,5,6,0.46148,0.25223,0.45105,0.41993,0.43125,0.43753,0.0,0.54135,1.0
random_7,5,7,0.14644,0.21454,0.12373,0.1027,0.1415,0.15316,0.54135,0.0,0.36075
random_7,5,8,0.2842,0.3817,0.29331,0.32941,0.36667,0.39147,1.0,0.36075,0.0
random_8,1,0,0.0,0.31003,0.16258,0.16211,0.19836,0.1974,0.0,0.40284,0.0
random_8,1,1,0.31003,0.0,0.38408,0.43489,0.52075,0.52234,0.0,1.0,0.0
random_8,1,2,0.16258,0.38408,0.0,0.21989,0.23819,0.25186,0.0,0.36868,0.0
random_8,1,3,0.16211,0.43489,0.21989,0.0,0.29566,0.32957,0.0,0.53253,0.0
random_8,1,4,0.19836,0.52075,0.23819,0.29566,0.0,0.32788,0.0,0.93366,0.0
random_8,1,5,0.1974,0.52234,0.25186,0.32957,0.32788,0.0,0.0,0.7988,0.0
random_8,1,6,0.0,0.0,0.0,0.0,0.0,0.0,0.0,0.0,0.0
random_8,1,7,0.40284,1.0,0.36868,0.53253,0.93366,0.7988,0.0,0.0,0.0
random_8,1,8,0.0,0.0,0.0,0.0,0.0,0.0,0.0,0.0,0.0
random_8,2,0,0.0,0.37264,0.22019,0.19475,0.37835,0.1753,0.0,0.5524,0.0
random_8,2,1,0.37264,0.0,0.44879,0.46323,0.65623,0.46935,0.0,0.68942,0.0
random_8,2,2,0.22019,0.44879,0.0,0.24517,0.44925,0.33855,0.0,0.4353,0.0
random_8,2,3,0.19475,0.46323,0.24517,0.0,0.43679,0.29226,0.0,0.62963,0.0
random_8,2,4,0.37835,0.65623,0.44925,0.43679,0.0,0.32797,0.0,1.0,0.0
random_8,2,5,0.1753,0.46935,0.33855,0.29226,0.32797,0.0,0.0,0.61288,0.0
random_8,2,6,0.0,0.0,0.0,0.0,0.0,0.0,0.0,0.0,0.0
random_8,2,7,0.5524,0.68942,0.4353,0.62963,1.0,0.61288,0.0,0.0,0.0
random_8,2,8,0.0,0.0,0.0,0.0,0.0,0.0,0.0,0.0,0.0
random_8,3,0,0.0,0.17868,0.11479,0.07228,0.19284,0.08143,0.33839,0.24876,0.20461
random_8,3,1,0.17868,0.0,0.22218,0.1867,0.29413,0.17385,0.395,0.2875,0.26316
random_8,3,2,0.11479,0.22218,0.0,0.11086,0.21045,0.14666,0.34563,0.16775,0.19574
random_8,3,3,0.07228,0.1867,0.11086,0.0,0.16537,0.07591,0.38904,0.25089,0.20579
random_8,3,4,0.19284,0.29413,0.21045,0.16537,0.0,0.19171,0.5,0.38208,0.14079
random_8,3,5,0.08143,0.17385,0.14666,0.07591,0.19171,0.0,0.36818,0.24115,0.21195
random_8,3,6,0.33839,0.395,0.34563,0.38904,0.5,0.36818,0.0,1.0,0.66667
random_8,3,7,0.24876,0.2875,0.16775,0.25089,0.38208,0.24115,1.0,0.0,0.44444
random_8,3,8,0.20461,0.26316,0.19574,0.20579,0.14079,0.21195,0.66667,0.44444,0.0
random_8,4,0,0.0,0.52267,0.35182,0.17855,0.48881,0.21782,0.83257,0.39923,0.54804
random_8,4,1,0.52267,0.0,0.60209,0.49819,0.60462,0.47237,0.79306,0.55219,0.7125
random_8,4,2,0.35182,0.60209,0.0,0.33757,0.52463,0.45427,0.73783,0.4353,0.57932
random_8,4,3,0.17855,0.49819,0.33757,0.0,0.52955,0.25182,0.70682,0.37878,0.56348
random_8,4,4,0.48881,0.60462,0.52463,0.52955,0.0,0.4566,0.9011,0.57915,0.30918
random_8,4,5,0.21782,0.47237,0.45427,0.25182,0.4566,0.0,0.75238,0.41863,0.48956
random_8,4,6,0.83257,0.79306,0.73783,0.70682,0.9011,0.75238,0.0,0.86625,1.0
random_8,4,7,0.39923,0.55219,0.4353,0.37878,0.57915,0.41863,0.86625,0.0,0.549
random_8,4,8,0.54804,0.7125,0.57932,0.56348,0.30918,0.48956,1.0,0.549,0.0
random_8,5,0,0.0,0.44268,0.28048,0.1481,0.40403,0.2157,0.70156,0.24629,0.45729
random_8,5,1,0.44268,0.0,0.49881,0.42633,0.44453,0.39811,0.66937,0.42042,0.61282
random_8,5,2,0.28048,0.49881,0.0,0.28783,0.45879,0.39501,0.61483,0.28117,0.45556
random_8,5,3,0.1481,0.42633,0.28783,0.0,0.42943,0.24705,0.59346,0.24685,0.47305
random_8,5,4,0.40403,0.44453,0.45879,0.42943,0.0,0.40673,0.73495,0.34746,0.26812
random_8,5,5,0.2157,0.39811,0.39501,0.24705,0.40673,0.0,0.6332,0.25749,0.41691
random_8,5,6,0.70156,0.66937,0.61483,0.59346,0.73495,0.6332,0.0,0.61151,1.0
random_8,5,7,0.24629,0.42042,0.28117,0.24685,0.34746,0.25749,0.61151,0.0,0.34652
random_8,5,8,0.45729,0.61282,0.45556,0.47305,0.26812,0.41691,1.0,0.34652,0.0
random_9,1,0,0.0,0.43053,0.17279,0.2548,0.40335,0.30143,0.59638,0.0,0.0
random_9,1,1,0.43053,0.0,0.41121,0.47253,0.53846,0.61325,1.0,0.0,0.0
random_9,1,2,0.17279,0.41121,0.0,0.23788,0.34935,0.28757,0.46154,0.0,0.0
random_9,1,3,0.2548,0.47253,0.23788,0.0,0.46795,0.39973,0.71795,0.0,0.0
random_9,1,4,0.40335,0.53846,0.34935,0.46795,0.0,0.49808,0.96923,0.0,0.0
random_9,1,5,0.30143,0.61325,0.28757,0.39973,0.49808,0.0,0.92308,0.0,0.0
random_9,1,6,0.59638,1.0,0.46154,0.71795,0.96923,0.92308,0.0,0.0,0.0
random_9,1,7,0.0,0.0,0.0,0.0,0.0,0.0,0.0,0.0,0.0
random_9,1,8,0.0,0.0,0.0,0.0,0.0,0.0,0.0,0.0,0.0
random_9,2,0,0.0,0.10263,0.04973,0.0602,0.11476,0.06002,0.1704,0.16231,0.0
random_9,2,1,0.10263,0.0,0.11112,0.11902,0.10252,0.10645,0.13061,0.21224,0.0
random_9,2,2,0.04973,0.11112,0.0,0.05477,0.12213,0.05065,0.18336,0.16885,0.0
random_9,2,3,0.0602,0.11902,0.05477,0.0,0.08966,0.06238,0.16667,0.2069,0.0
random_9,2,4,0.11476,0.10252,0.12213,0.08966,0.0,0.10667,0.3,0.5,0.0
random_9,2,5,0.06002,0.10645,0.05065,0.06238,0.10667,0.0,0.16667,0.2125,0.0
random_9,2,6,0.1704,0.13061,0.18336,0.16667,0.3,0.16667,0.0,1.0,0.0
random_9,2,7,0.16231,0.21224,0.16885,0.2069,0.5,0.2125,1.0,0.0,0.0
random_9,2,8,0.0,0.0,0.0,0.0,0.0,0.0,0.0,0.0,0.0
random_9,3,0,0.0,0.26307,0.12832,0.13803,0.31861,0.14778,0.32309,0.38813,0.31861
random_9,3,1,0.26307,0.0,0.28267,0.26698,0.29998,0.24901,0.22507,0.46483,0.37794
random_9,3,2,0.12832,0.28267,0.0,0.0907,0.32411,0.13943,0.29104,0.45687,0.32411
random_9,3,3,0.13803,0.26698,0.0907,0.0,0.31918,0.12534,0.33146,0.40239,0.31918
random_9,3,4,0.31861,0.29998,0.32411,0.31918,0.0,0.25926,0.71471,1.0,0.52941
random_9,3,5,0.14778,0.24901,0.13943,0.12534,0.25926,0.0,0.35556,0.44118,0.31808
random_9,3,6,0.32309,0.22507,0.29104,0.33146,0.71471,0.35556,0.0,0.94118,0.58235
random_9,3,7,0.38813,0.46483,0.45687,0.40239,1.0,0.44118,0.94118,0.0,0.82353
random_9,3,8,0.31861,0.37794,0.32411,0.31918,0.52941,0.31808,0.58235,0.82353,0.0
random_9,4,0,0.0,0.37674,0.17718,0.19452,0.25652,0.18665,0.47549,0.28398,0.46872
random_9,4,1,0.37674,0.0,0.36952,0.35706,0.23754,0.4099,0.3433,0.49721,0.47338
random_9,4,2,0.17718,0.36952,0.0,0.11665,0.28113,0.22808,0.41549,0.30785,0.44964
random_9,4,3,0.19452,0.35706,0.11665,0.0,0.30308,0.22894,0.46187,0.29452,0.45674
random_9,4,4,0.25652,0.23754,0.28113,0.30308,0.0,0.31659,0.66522,0.43186,0.62325
random_9,4,5,0.18665,0.4099,0.22808,0.22894,0.31659,0.0,0.57153,0.33908,0.46974
random_9,4,6,0.47549,0.3433,0.41549,0.46187,0.66522,0.57153,0.0,0.75889,1.0
random_9,4,7,0.28398,0.49721,0.30785,0.29452,0.43186,0.33908,0.75889,0.0,0.69113
random_9,4,8,0.46872,0.47338,0.44964,0.45674,0.62325,0.46974,1.0,0.69113,0.0
random_9,5,0,0.0,0.45625,0.21229,0.23941,0.22404,0.20027,0.50022,0.30853,0.57174
random_9,5,1,0.45625,0.0,0.45265,0.43802,0.27712,0.45571,0.36038,0.56503,0.57959
random_9,5,2,0.21229,0.45265,0.0,0.12677,0.25097,0.24964,0.46896,0.31436,0.55917
random_9,5,3,0.23941,0.43802,0.12677,0.0,0.28239,0.23503,0.52283,0.32445,0.5887
random_9,5,4,0.22404,0.27712,0.25097,0.28239,0.0,0.25618,0.52562,0.39892,0.53979
random_9,5,5,0.20027,0.45571,0.24964,0.23503,0.25618,0.0,0.57404,0.35207,0.51261
random_9,5,6,0.50022,0.36038,0.46896,0.52283,0.52562,0.57404,0.0,0.72357,1.0
random_9,5,7,0.30853,0.56503,0.31436,0.32445,0.39892,0.35207,0.72357,0.0,0.67097
random_9,5,8,0.57174,0.57959,0.55917,0.5887,0.53979,0.51261,1.0,0.67097,0.0
random_10,1,0,0.0,0.1203,0.06007,0.065,0.08684,0.12678,0.125,0.17468,0.0
random_10,1,1,0.1203,0.0,0.11785,0.14306,0.15476,0.23214,0.28571,0.28571,0.0
random_10,1,2,0.06007,0.11785,0.0,0.06324,0.07923,0.13281,0.15173,0.16493,0.0
random_10,1,3,0.065,0.14306,0.06324,0.0,0.10145,0.18375,0.28696,0.27391,0.0
random_10,1,4,0.08684,0.15476,0.07923,0.10145,0.0,0.25992,0.375,0.375,0.0
random_10,1,5,0.12678,0.23214,0.13281,0.18375,0.25992,0.0,0.5,0.21429,0.0
random_10,1,6,0.125,0.28571,0.15173,0.28696,0.375,0.5,0.0,1.0,0.0
random_10,1,7,0.17468,0.28571,0.16493,0.27391,0.375,0.21429,1.0,0.0,0.0
random_10,1,8,0.0,0.0,0.0,0.0,0.0,0.0,0.0,0.0,0.0
random_10,2,0,0.0,0.10204,0.05715,0.05509,0.08177,0.06301,0.17237,0.14618,0.17002
random_10,2,1,0.10204,0.0,0.10971,0.0964,0.09816,0.1386,0.14286,0.19712,0.06783
random_10,2,2,0.05715,0.10971,0.0,0.0515,0.07695,0.06796,0.15839,0.15077,0.16587
random_10,2,3,0.05509,0.0964,0.0515,0.0,0.09168,0.08779,0.20702,0.17627,0.17433
random_10,2,4,0.08177,0.09816,0.07695,0.09168,0.0,0.10909,0.23529,0.23235,0.29412
random_10,2,5,0.06301,0.1386,0.06796,0.08779,0.10909,0.0,0.26842,0.17225,0.28421
random_10,2,6,0.17237,0.14286,0.15839,0.20702,0.23529,0.26842,0.0,0.66667,1.0
random_10,2,7,0.14618,0.19712,0.15077,0.17627,0.23235,0.17225,0.66667,0.0,0.66667
random_10,2,8,0.17002,0.06783,0.16587,0.17433,0.29412,0.28421,1.0,0.66667,0.0
random_10,3,0,0.0,0.19542,0.09935,0.09828,0.1762,0.08752,0.30395,0.28079,0.18015
random_10,3,1,0.19542,0.0,0.20892,0.16739,0.19259,0.22775,0.21111,0.39242,0.11313
random_10,3,2,0.09935,0.20892,0.0,0.08089,0.16839,0.10306,0.29238,0.29742,0.21539
random_10,3,3,0.09828,0.16739,0.08089,0.0,0.16828,0.1042,0.27987,0.28616,0.16783
random_10,3,4,0.1762,0.19259,0.16839,0.16828,0.0,0.21658,0.2,0.47143,0.34139
random_10,3,5,0.08752,0.22775,0.10306,0.1042,0.21658,0.0,0.35676,0.29189,0.26276
random_10,3,6,0.30395,0.21111,0.29238,0.27987,0.2,0.35676,0.0,1.0,0.58095
random_10,3,7,0.28079,0.39242,0.29742,0.28616,0.47143,0.29189,1.0,0.0,0.62857
random_10,3,8,0.18015,0.11313,0.21539,0.16783,0.34139,0.26276,0.58095,0.62857,0.0
random_10,4,0,0.0,0.41392,0.20939,0.18156,0.36571,0.14383,0.59438,0.3938,0.47004
random_10,4,1,0.41392,0.0,0.42334,0.37961,0.34535,0.42097,0.5467,0.54725,0.18991
random_10,4,2,0.20939,0.42334,0.0,0.14413,0.33034,0.19735,0.55401,0.35294,0.50387
random_10,4,3,0.18156,0.37961,0.14413,0.0,0.31832,0.15522,0.54867,0.40751,0.46197
random_10,4,4,0.36571,0.34535,0.33034,0.31832,0.0,0.37581,0.31771,0.56855,0.56869
random_10,4,5,0.14383,0.42097,0.19735,0.15522,0.37581,0.0,0.61224,0.39618,0.51088
random_10,4,6,0.59438,0.5467,0.55401,0.54867,0.31771,0.61224,0.0,0.88889,1.0
random_10,4,7,0.3938,0.54725,0.35294,0.40751,0.56855,0.39618,0.88889,0.0,0.75758
random_10,4,8,0.47004,0.18991,0.50387,0.46197,0.56869,0.51088,1.0,0.75758,0.0
random_10,5,0,0.0,0.42699,0.22253,0.18461,0.33017,0.12611,0.61834,0.35895,0.43158
random_10,5,1,0.42699,0.0,0.43371,0.38053,0.29877,0.41418,0.61813,0.52764,0.20113
random_10,5,2,0.22253,0.43371,0.0,0.1537,0.3008,0.21023,0.57434,0.32933,0.46852
random_10,5,3,0.18461,0.38053,0.1537,0.0,0.25025,0.15013,0.55169,0.38701,0.40481
random_10,5,4,0.33017,0.29877,0.3008,0.25025,0.0,0.32449,0.35585,0.44,0.4347
random_10,5,5,0.12611,0.41418,0.21023,0.15013,0.32449,0.0,0.58991,0.37453,0.45923
random_10,5,6,0.61834,0.61813,0.57434,0.55169,0.35585,0.58991,0.0,0.83547,1.0
random_10,5,7,0.35895,0.52764,0.32933,0.38701,0.44,0.37453,0.83547,0.0,0.58328
random_10,5,8,0.43158,0.20113,0.46852,0.40481,0.4347,0.45923,1.0,0.58328,0.0
random_11,1,0,0.0,0.32597,0.15377,0.3038,0.26337,0.19719,0.42247,0.33333,0.0
random_11,1,1,0.32597,0.0,0.27908,0.41429,0.47321,0.41832,0.42092,0.76637,0.0
random_11,1,2,0.15377,0.27908,0.0,0.27412,0.23653,0.17692,0.38411,0.31863,0.0
random_11,1,3,0.3038,0.41429,0.27412,0.0,0.46786,0.41667,0.67857,0.44792,0.0
random_11,1,4,0.26337,0.47321,0.23653,0.46786,0.0,0.33399,0.58673,0.59524,0.0
random_11,1,5,0.19719,0.41832,0.17692,0.41667,0.33399,0.0,0.55556,0.5,0.0
random_11,1,6,0.42247,0.42092,0.38411,0.67857,0.58673,0.55556,0.0,1.0,0.0
random_11,1,7,0.33333,0.76637,0.31863,0.44792,0.59524,0.5,1.0,0.0,0.0
random_11,1,8,0.0,0.0,0.0,0.0,0.0,0.0,0.0,0.0,0.0
random_11,2,0,0.0,0.14379,0.10639,0.11749,0.17146,0.09966,0.20485,0.25702,0.24181
random_11,2,1,0.14379,0.0,0.18035,0.20494,0.25341,0.16488,0.23129,0.28012,0.1417
random_11,2,2,0.10639,0.18035,0.0,0.08802,0.17607,0.09087,0.21991,0.2011,0.30924
random_11,2,3,0.11749,0.20494,0.08802,0.0,0.24971,0.1284,0.27692,0.24615,0.37475
random_11,2,4,0.17146,0.25341,0.17607,0.24971,0.0,0.20474,0.33796,0.36111,0.64815
random_11,2,5,0.09966,0.16488,0.09087,0.1284,0.20474,0.0,0.24959,0.29557,0.27778
random_11,2,6,0.20485,0.23129,0.21991,0.27692,0.33796,0.24959,0.0,0.5,1.0
random_11,2,7,0.25702,0.28012,0.2011,0.24615,0.36111,0.29557,0.5,0.0,0.83333
random_11,2,8,0.24181,0.1417,0.30924,0.37475,0.64815,0.27778,1.0,0.83333,0.0
random_11,3,0,0.0,0.35111,0.25291,0.25626,0.41034,0.16174,0.44332,0.51573,0.43353
random_11,3,1,0.35111,0.0,0.40615,0.41804,0.64369,0.37936,0.35185,0.62847,0.25463
random_11,3,2,0.25291,0.40615,0.0,0.2081,0.40613,0.21444,0.461,0.42451,0.4493
random_11,3,3,0.25626,0.41804,0.2081,0.0,0.49451,0.22883,0.55263,0.5,0.51754
random_11,3,4,0.41034,0.64369,0.40613,0.49451,0.0,0.47555,0.81313,0.71717,0.74747
random_11,3,5,0.16174,0.37936,0.21444,0.22883,0.47555,0.0,0.4873,0.46461,0.5118
random_11,3,6,0.44332,0.35185,0.461,0.55263,0.81313,0.4873,0.0,1.0,0.75
random_11,3,7,0.51573,0.62847,0.42451,0.5,0.71717,0.46461,1.0,0.0,1.0
random_11,3,8,0.43353,0.25463,0.4493,0.51754,0.74747,0.5118,0.75,1.0,0.0
random_11,4,0,0.0,0.37875,0.31511,0.25484,0.27492,0.15435,0.53786,0.3205,0.49887
random_11,4,1,0.37875,0.0,0.44056,0.40233,0.43825,0.43474,0.40077,0.44236,0.17976
random_11,4,2,0.31511,0.44056,0.0,0.24411,0.29975,0.2291,0.59256,0.21838,0.48289
random_11,4,3,0.25484,0.40233,0.24411,0.0,0.33672,0.26416,0.6006,0.32546,0.54514
random_11,4,4,0.27492,0.43825,0.29975,0.33672,0.0,0.34053,0.67073,0.23628,0.54421
random_11,4,5,0.15435,0.43474,0.2291,0.26416,0.34053,0.0,0.52186,0.29467,0.56373
random_11,4,6,0.53786,0.40077,0.59256,0.6006,0.67073,0.52186,0.0,0.68415,1.0
random_11,4,7,0.3205,0.44236,0.21838,0.32546,0.23628,0.29467,0.68415,0.0,0.5162
random_11,4,8,0.49887,0.17976,0.48289,0.54514,0.54421,0.56373,1.0,0.5162,0.0
random_11,5,0,0.0,0.56279,0.45543,0.3483,0.35449,0.18355,0.72327,0.49196,0.77007
random_11,5,1,0.56279,0.0,0.66129,0.57245,0.62836,0.63177,0.56165,0.76339,0.2858
random_11,5,2,0.45543,0.66129,0.0,0.3354,0.39815,0.33765,0.69161,0.30675,0.70298
random_11,5,3,0.3483,0.57245,0.3354,0.0,0.42247,0.35151,0.69728,0.35664,0.77605
random_11,5,4,0.35449,0.62836,0.39815,0.42247,0.0,0.40867,0.7813,0.37592,0.74757
random_11,5,5,0.18355,0.63177,0.33765,0.35151,0.40867,0.0,0.73913,0.40472,0.83389
random_11,5,6,0.72327,0.56165,0.69161,0.69728,0.7813,0.73913,0.0,0.83688,1.0
random_11,5,7,0.49196,0.76339,0.30675,0.35664,0.37592,0.40472,0.83688,0.0,0.9605
random_11,5,8,0.77007,0.2858,0.70298,0.77605,0.74757,0.83389,1.0,0.9605,0.0
random_12,1,0,0.0,0.12023,0.04686,0.09388,0.08578,0.10415,0.0,0.16509,0.17533
random_12,1,1,0.12023,0.0,0.12327,0.16096,0.1455,0.23226,0.0,0.28571,0.19355
random_12,1,2,0.04686,0.12327,0.0,0.07955,0.09354,0.08857,0.0,0.17857,0.17857
random_12,1,3,0.09388,0.16096,0.07955,0.0,0.13654,0.13889,0.0,0.25,0.25
random_12,1,4,0.08578,0.1455,0.09354,0.13654,0.0,0.15,0.0,0.32143,0.375
random_12,1,5,0.10415,0.23226,0.08857,0.13889,0.15,0.0,0.0,0.33333,0.45
random_12,1,6,0.0,0.0,0.0,0.0,0.0,0.0,0.0,0.0,0.0
random_12,1,7,0.16509,0.28571,0.17857,0.25,0.32143,0.33333,0.0,0.0,1.0
random_12,1,8,0.17533,0.19355,0.17857,0.25,0.375,0.45,0.0,1.0,0.0
random_12,2,0,0.0,0.15559,0.07545,0.07463,0.12071,0.06178,0.21483,0.22059,0.26064
random_12,2,1,0.15559,0.0,0.16308,0.16211,0.18139,0.17177,0.24643,0.24643,0.21046
random_12,2,2,0.07545,0.16308,0.0,0.06937,0.13545,0.08412,0.23705,0.23178,0.27006
random_12,2,3,0.07463,0.16211,0.06937,0.0,0.12546,0.05294,0.22917,0.21354,0.28333
random_12,2,4,0.12071,0.18139,0.13545,0.12546,0.0,0.1528,0.23077,0.22436,0.51923
random_12,2,5,0.06178,0.17177,0.08412,0.05294,0.1528,0.0,0.22273,0.26364,0.30195
random_12,2,6,0.21483,0.24643,0.23705,0.22917,0.23077,0.22273,0.0,0.375,1.0
random_12,2,7,0.22059,0.24643,0.23178,0.21354,0.22436,0.26364,0.375,0.0,1.0
random_12,2,8,0.26064,0.21046,0.27006,0.28333,0.51923,0.30195,1.0,1.0,0.0
random_12,3,0,0.0,0.36096,0.19118,0.1664,0.31981,0.12352,0.4835,0.49894,0.38569
random_12,3,1,0.36096,0.0,0.36977,0.32906,0.49308,0.35663,0.38046,0.55999,0.37501
random_12,3,2,0.19118,0.36977,0.0,0.17114,0.34978,0.18845,0.50834,0.44499,0.35208
random_12,3,3,0.1664,0.32906,0.17114,0.0,0.32044,0.14867,0.45855,0.53497,0.43649
random_12,3,4,0.31981,0.49308,0.34978,0.32044,0.0,0.39097,0.52713,0.43023,0.78682
random_12,3,5,0.12352,0.35663,0.18845,0.14867,0.39097,0.0,0.50506,0.51536,0.41406
random_12,3,6,0.4835,0.38046,0.50834,0.45855,0.52713,0.50506,0.0,0.93023,0.75969
random_12,3,7,0.49894,0.55999,0.44499,0.53497,0.43023,0.51536,0.93023,0.0,1.0
random_12,3,8,0.38569,0.37501,0.35208,0.43649,0.78682,0.41406,0.75969,1.0,0.0
random_12,4,0,0.0,0.4533,0.26198,0.20181,0.4049,0.16212,0.67598,0.351,0.58929
random_12,4,1,0.4533,0.0,0.46774,0.43357,0.60626,0.46904,0.54454,0.55992,0.45587
random_12,4,2,0.26198,0.46774,0.0,0.2345,0.45023,0.23909,0.71675,0.31411,0.57957
random_12,4,3,0.20181,0.43357,0.2345,0.0,0.42108,0.19657,0.64677,0.34025,0.5814
random_12,4,4,0.4049,0.60626,0.45023,0.42108,0.0,0.45551,0.69231,0.60412,1.0
random_12,4,5,0.16212,0.46904,0.23909,0.19657,0.45551,0.0,0.68713,0.35677,0.59735
random_12,4,6,0.67598,0.54454,0.71675,0.64677,0.69231,0.68713,0.0,0.80002,0.83939
random_12,4,7,0.351,0.55992,0.31411,0.34025,0.60412,0.35677,0.80002,0.0,0.70987
